0 0.896875 0.35078125 0.196875 0.26875
0 0.7953125 0.77578125 0.18125 0.2359375
0 0.671875 0.553125 0.18125 0.340625
0 0.55390625 0.7640625 0.1984375 0.278125
0 0.30703125 0.803125 0.35625 0.184375
0 0.3328125 0.6015625 0.325 0.25625
0 0.6 0.284375 0.225 0.2640625
0 0.3078125 0.20078125 0.1625 0.209375
0 0.29296875 0.384375 0.159375 0.2109375
0 0.1203125 0.6203125 0.1484375 0.309375
0 0.1296875 0.3734375 0.225 0.196875
0 0.75859375 0.29765625 0.121875 0.33125
0 0.53359375 0.521875 0.184375 0.221875
0 0.846875 0.5671875 0.278125 0.1734375