9 0.5488281265625 0.08789062656249999 0.791015621875 0.08789062656249999 0.880859378125 0.0703125 0.8867187484375 0.0556640625 0.787109378125 0.035156251562500004 0.5605468734375 0.033203126562500004 0.5292968734375 0.0625 0.5488281265625 0.08789062656249999
9 0.5488281265625 0.1699218734375 0.7832031265625 0.1699218734375 0.884765621875 0.1503906265625 0.890625 0.1376953109375 0.791015621875 0.11523437343750001 0.5449218734375 0.11523437343750001 0.5292968734375 0.1484375 0.5488281265625 0.1699218734375
9 0.552734378125 0.2460937484375 0.7792968734375 0.2480468734375 0.884765621875 0.2285156265625 0.8867187484375 0.2119140625 0.787109378125 0.1914062515625 0.5488281265625 0.1933593734375 0.537109378125 0.2265625 0.552734378125 0.2460937484375
9 0.09179687343750001 0.10742187343750001 0.2988281265625 0.10742187343750001 0.3242187484375 0.08886718906249999 0.09960937812500001 0.08007812656249999 0.09179687343750001 0.10742187343750001
9 0.2988281265625 0.2480468734375 0.3398437484375 0.2392578109375 0.3398437484375 0.2138671890625 0.103515621875 0.2050781265625 0.09179687343750001 0.2363281265625 0.103515621875 0.2480468734375 0.2988281265625 0.2480468734375
9 0.10742187343750001 0.3183593734375 0.3105468734375 0.3183593734375 0.412109378125 0.3066406265625 0.4179687484375 0.2880859375 0.306640621875 0.2714843734375 0.103515621875 0.2734375 0.09570312656249999 0.3046875 0.10742187343750001 0.3183593734375
9 0.115234378125 0.3867187484375 0.318359378125 0.3867187484375 0.4082031265625 0.3730468734375 0.414062503125 0.3525390625 0.318359378125 0.3359375 0.115234378125 0.3359375 0.08789062187499999 0.3691406265625 0.115234378125 0.3867187484375
9 0.09179687343750001 0.4394531265625 0.12304687343750001 0.4550781265625 0.318359378125 0.4550781265625 0.4082031265625 0.4453125 0.414062503125 0.4189453109375 0.322265621875 0.4042968734375 0.119140621875 0.4042968734375 0.09375 0.4130859375 0.09179687343750001 0.4394531265625
9 0.1894531265625 0.06640625156249999 0.259765621875 0.0585937484375 0.2617187484375 0.0400390625 0.09570312656249999 0.03125 0.08789062187499999 0.0546875 0.103515621875 0.06640625156249999 0.1894531265625 0.06640625156249999
9 0.09179687343750001 0.625 0.318359378125 0.6230468734375 0.3242187484375 0.6064453109375 0.09570312656249999 0.5976562515625 0.09179687343750001 0.625
9 0.22851562187500002 0.7070312515625 0.3261718734375 0.6875 0.3320312515625 0.6708984375 0.2167968734375 0.6445312515625 0.10742187343750001 0.6445312515625 0.08984374843750001 0.6494140625 0.09179687343750001 0.703125 0.22851562187500002 0.7070312515625
9 0.3398437484375 0.7294921890625 0.103515621875 0.7226562515625 0.09570312656249999 0.7578125 0.2832031265625 0.765625 0.3398437484375 0.7568359375 0.3398437484375 0.7294921890625
9 0.09179687343750001 0.578125 0.255859378125 0.5761718734375 0.2617187484375 0.5556640625 0.103515621875 0.546875 0.09179687343750001 0.578125
9 0.10742187343750001 0.8339843734375 0.3261718734375 0.8339843734375 0.4082031265625 0.8242187484375 0.4179687484375 0.8056640625 0.306640621875 0.7890625 0.115234378125 0.7890625 0.09570312656249999 0.8203125 0.10742187343750001 0.8339843734375
9 0.322265621875 0.9707031265625 0.4042968734375 0.9628906265625 0.414062503125 0.9345703109375 0.115234378125 0.921875 0.09179687343750001 0.9570312515625 0.13085937812499998 0.9726562515625 0.322265621875 0.9707031265625
9 0.09179687343750001 0.8925781265625 0.10742187343750001 0.9023437484375 0.333984378125 0.9023437484375 0.412109378125 0.8886718734375 0.4179687484375 0.8720703109375 0.3105468734375 0.8535156265625 0.115234378125 0.8535156265625 0.08984374843750001 0.8662109375 0.09179687343750001 0.8925781265625
9 0.771484378125 0.6035156265625 0.8867187484375 0.5751953109375 0.787109378125 0.5546875 0.5449218734375 0.5527343734375 0.5332031265625 0.5839843734375 0.5449218734375 0.6035156265625 0.771484378125 0.6035156265625
9 0.5488281265625 0.6855468734375 0.791015621875 0.6835937484375 0.884765621875 0.6660156265625 0.8867187484375 0.6552734375 0.802734378125 0.6367187484375 0.552734378125 0.6308593734375 0.5332031265625 0.6679687484375 0.5488281265625 0.6855468734375
9 0.5488281265625 0.7617187484375 0.7832031265625 0.7597656265625 0.884765621875 0.7441406265625 0.8867187484375 0.7314453109375 0.791015621875 0.7109375 0.5488281265625 0.7109375 0.5332031265625 0.7402343734375 0.5488281265625 0.7617187484375