1 0.3595404265625 0.212890625 0.3213851203125 0.1738281234375 0.258282103125 0.1826171890625 0.261217125 0.2119140625 0.30377497343750004 0.2324218765625 0.3566054046875 0.2324218765625 0.3595404265625 0.212890625
1 0.1775689453125 0.099609375 0.1218034921875 0.10546874843750001 0.0792456453125 0.1416015640625 0.1247385140625 0.1796874984375 0.218659278125 0.1425781234375 0.1775689453125 0.099609375
1 0.31258004375000004 0.8632812515625 0.330190190625 0.8242187484375 0.24800951875 0.7988281234375 0.1966466015625 0.8486328109375 0.199581628125 0.8798828109375 0.2303993765625 0.8632812515625 0.250944546875 0.8828125015625 0.31258004375000004 0.8632812515625
1 0.162893825 0.4355468765625 0.133543590625 0.400390625 0.07484310937500001 0.400390625 0.055765453124999996 0.4384765640625 0.0675055515625 0.4794921890625 0.14528368281249998 0.4824218765625 0.162893825 0.4355468765625
1 0.29496990156249997 0.5546874984375 0.2744247375 0.537109375 0.19224406562500002 0.5234374984375 0.14381616875 0.5478515640625 0.1775689453125 0.5917968765625 0.2744247375 0.5898437484375 0.29496990156249997 0.5546874984375
1 0.0968557875 0.6943359375 0.1188684703125 0.71875 0.165828853125 0.712890625 0.19224406562500002 0.6796874984375 0.1218034921875 0.6113281234375 0.0498954046875 0.6240234359375 0.054297940625 0.650390625 0.0983233 0.6484374984375 0.11740095625 0.6669921890625 0.0968557875 0.6943359375
1 0.3213851203125 0.666015625 0.264152153125 0.7060546875 0.31258004375000004 0.7324218765625 0.4329160265625 0.7382812515625 0.43878607656249996 0.6855468765625 0.3213851203125 0.666015625
1 0.21278923437500002 0.5039062515625 0.29203487968749997 0.5195312515625 0.3375277484375 0.5048828109375 0.3595404265625 0.462890625 0.30671 0.4257812515625 0.25387956875 0.4648437484375 0.2303993765625 0.46875 0.2010491359375 0.447265625 0.1878415296875 0.4560546875 0.21278923437500002 0.5039062515625
1 0.6178225296875001 0.2363281234375 0.635432678125 0.25 0.6765230109375 0.2460937484375 0.6882631031249999 0.2324218765625 0.629562628125 0.1835937484375 0.5591220546875 0.171875 0.498954065625 0.2060546875 0.51509669375 0.234375 0.5884722953125 0.2460937484375 0.6178225296875001 0.2363281234375
1 0.0807131578125 0.318359375 0.13647861249999999 0.3164062515625 0.1511537328125 0.3007812515625 0.140881146875 0.2431640625 0.1188684703125 0.2265625015625 0.0865832078125 0.2226562515625 0.029350240625000003 0.2490234359375 0.0249477046875 0.3007812515625 0.0807131578125 0.318359375
1 0.4035657875 0.880859375 0.45639621874999997 0.8828125015625 0.5121616718750001 0.8457031234375 0.46520128906249997 0.7734374984375 0.4020982734375 0.7802734359375 0.41677339375000005 0.7861328109375 0.39622822968750004 0.7880859375 0.3874231578125 0.8427734359375 0.4035657875 0.880859375
1 0.5371093765625 0.7919921890625 0.7117432953125 0.802734375 0.7484310984375 0.7880859375 0.7675087546875 0.7539062515625 0.6882631031249999 0.7207031234375 0.63249765 0.7148437484375 0.6134199953125 0.7412109375 0.6339651640625 0.7666015640625 0.5561870328125 0.7675781234375 0.5371093765625 0.7919921890625