1 0.7675781234375 0.30377497343750004 0.7675781234375 0.3566054046875 0.787109375 0.3595404265625 0.8261718765625 0.3213851203125 0.8173828109375 0.258282103125 0.7880859375 0.261217125 0.7675781234375 0.30377497343750004
1 0.8203125015625 0.1247385140625 0.8574218765625 0.218659278125 0.900390625 0.1775689453125 0.8945312515625 0.1218034921875 0.8583984359375 0.0792456453125 0.8203125015625 0.1247385140625
1 0.1367187484375 0.2303993765625 0.11718749843750001 0.250944546875 0.1367187484375 0.31258004375000004 0.1757812515625 0.330190190625 0.2011718765625 0.24800951875 0.1513671890625 0.1966466015625 0.12011718906249999 0.199581628125 0.1367187484375 0.2303993765625
1 0.5205078109375 0.0675055515625 0.5175781234375 0.14528368281249998 0.5644531234375 0.162893825 0.599609375 0.133543590625 0.599609375 0.07484310937500001 0.5615234359375 0.055765453124999996 0.5205078109375 0.0675055515625
1 0.4082031234375 0.1775689453125 0.4101562515625 0.2744247375 0.4453125015625 0.29496990156249997 0.462890625 0.2744247375 0.4765625015625 0.19224406562500002 0.4521484359375 0.14381616875 0.4082031234375 0.1775689453125
1 0.3515625015625 0.0983233 0.3330078109375 0.11740095625 0.3056640625 0.0968557875 0.28125 0.1188684703125 0.287109375 0.165828853125 0.3203125015625 0.19224406562500002 0.3886718765625 0.1218034921875 0.3759765640625 0.0498954046875 0.349609375 0.054297940625 0.3515625015625 0.0983233
1 0.2617187484375 0.4329160265625 0.3144531234375 0.43878607656249996 0.333984375 0.3213851203125 0.2939453125 0.264152153125 0.2675781234375 0.31258004375000004 0.2617187484375 0.4329160265625
1 0.552734375 0.2010491359375 0.5439453125 0.1878415296875 0.4960937484375 0.21278923437500002 0.4804687484375 0.29203487968749997 0.4951171890625 0.3375277484375 0.537109375 0.3595404265625 0.5742187484375 0.30671 0.5351562515625 0.25387956875 0.53125 0.2303993765625 0.552734375 0.2010491359375
1 0.765625 0.51509669375 0.7539062515625 0.5884722953125 0.7636718765625 0.6178225296875001 0.75 0.635432678125 0.7539062515625 0.6765230109375 0.7675781234375 0.6882631031249999 0.8164062515625 0.629562628125 0.828125 0.5591220546875 0.7939453125 0.498954065625 0.765625 0.51509669375
1 0.7509765640625 0.029350240625000003 0.6992187484375 0.0249477046875 0.681640625 0.0807131578125 0.6835937484375 0.13647861249999999 0.6992187484375 0.1511537328125 0.7568359375 0.140881146875 0.7734374984375 0.1188684703125 0.7773437484375 0.0865832078125 0.7509765640625 0.029350240625000003
1 0.2119140625 0.39622822968750004 0.1572265640625 0.3874231578125 0.119140625 0.4035657875 0.11718749843750001 0.45639621874999997 0.1542968765625 0.5121616718750001 0.2265625015625 0.46520128906249997 0.2197265640625 0.4020982734375 0.2138671890625 0.41677339375000005 0.2119140625 0.39622822968750004
1 0.2333984359375 0.6339651640625 0.2324218765625 0.5561870328125 0.2080078109375 0.5371093765625 0.197265625 0.7117432953125 0.2119140625 0.7484310984375 0.2460937484375 0.7675087546875 0.2792968765625 0.6882631031249999 0.2851562515625 0.63249765 0.2587890625 0.6134199953125 0.2333984359375 0.6339651640625