5 0.8150736484375001 0.05078125 0.79345703125 0.0537109375 0.78837076875 0.0712890625 0.79854329375 0.0888671875 0.825246175 0.11328125 0.88628133125 0.14453125 0.97401936875 0.1650390625 0.946044921875 0.1142578125 0.9244283046874999 0.095703125 0.843048096875 0.05859375 0.8150736484375001 0.05078125
5 0.32424926875 0.060546875 0.303904215625 0.052734375 0.25049845312499996 0.052734375 0.23396809843750002 0.0888671875 0.244140625 0.1201171875 0.2606709796875 0.134765625 0.2886454265625 0.1484375 0.31407674218750004 0.15625 0.338236490625 0.1572265625 0.36875406875 0.1552734375 0.3712972 0.1240234375 0.3560384109375 0.0869140625 0.32424926875 0.060546875
5 0.5366007484375 0.0712890625 0.5149841296875 0.05859375 0.487009684375 0.052734375 0.45649210625 0.064453125 0.43869018437499996 0.064453125 0.34205118749999996 0.013671875 0.335693359375 0.0146484375 0.3522237140625 0.02734375 0.4374186203125 0.0693359375 0.4425048828125 0.0791015625 0.4374186203125 0.1064453125 0.44504801406250005 0.1220703125 0.46412149999999996 0.140625 0.489552815625 0.15234375 0.5073547375 0.15234375 0.5149841296875 0.15625 0.550587971875 0.15234375 0.587463378125 0.1552734375 0.584920246875 0.1435546875 0.574747721875 0.1318359375 0.5671183265625 0.1025390625 0.5366007484375 0.0712890625
5 0.7184346515625 0.150390625 0.74005126875 0.1474609375 0.74005126875 0.1279296875 0.732421875 0.1123046875 0.73496500625 0.1005859375 0.72479248125 0.0888671875 0.7527669265625 0.0693359375 0.743865965625 0.060546875 0.7158915203125 0.05078125 0.7108052578125 0.044921875 0.677744546875 0.041015625 0.6103515625 0.0810546875 0.6052653 0.1103515625 0.61289469375 0.1123046875 0.61289469375 0.1240234375 0.6281534828125 0.1513671875 0.6370544421875 0.16015625 0.640869140625 0.1591796875 0.6624857578125 0.138671875 0.677744546875 0.14453125 0.69046020625 0.142578125 0.7184346515625 0.150390625
5 0.1627604171875 0.0634765625 0.14114379999999999 0.041015625 0.1080830890625 0.02734375 0.0877380359375 0.025390625 0.049591065625 0.033203125 0.027974446874999996 0.0693359375 0.030517578125 0.0986328125 0.0406901046875 0.1259765625 0.062306721875000005 0.14453125 0.08519490625000001 0.154296875 0.123341878125 0.162109375 0.155131021875 0.1611328125 0.155131021875 0.1533203125 0.1678466796875 0.1357421875 0.1703898109375 0.0830078125 0.1627604171875 0.0634765625
5 0.1386006671875 0.248046875 0.110626221875 0.24609375 0.0750223796875 0.2578125 0.05594889374999999 0.2822265625 0.05594889374999999 0.3017578125 0.0762939453125 0.3310546875 0.0928243 0.341796875 0.14114379999999999 0.357421875 0.18946329687500002 0.35546875 0.20345052031250002 0.3583984375 0.1983642578125 0.3388671875 0.1983642578125 0.3017578125 0.17801920625 0.2744140625 0.1386006671875 0.248046875
5 0.36875406875 0.2548828125 0.33442179375 0.234375 0.3089904796875 0.224609375 0.2733866375 0.22265625 0.25049845312499996 0.2265625 0.23651123125 0.2646484375 0.24668375625 0.3037109375 0.2644856765625 0.3251953125 0.2886454265625 0.341796875 0.31407674218750004 0.349609375 0.34205118749999996 0.353515625 0.3840128578125 0.3525390625 0.394185384375 0.3251953125 0.394185384375 0.2978515625 0.389099121875 0.2822265625 0.36875406875 0.2548828125
5 0.587463378125 0.2958984375 0.579833984375 0.2822265625 0.591278075 0.28125 0.60272216875 0.2724609375 0.5925496421875 0.2607421875 0.56838989375 0.251953125 0.5569458 0.2412109375 0.5594889328125 0.2333984375 0.5531311046875 0.23046875 0.5353291828125 0.23828125 0.52007039375 0.23828125 0.5060831703125 0.2490234375 0.5073547375 0.271484375 0.47683715937500004 0.25 0.4933675125 0.2685546875 0.4742940265625 0.267578125 0.4590352375 0.271484375 0.452677409375 0.2802734375 0.45522054062499995 0.2861328125 0.43996175156249995 0.2998046875 0.45522054062499995 0.3095703125 0.452677409375 0.3193359375 0.465393065625 0.3369140625 0.47683715937500004 0.34765625 0.49972534062499996 0.3359375 0.5276997890625 0.34765625 0.572204590625 0.3486328125 0.5900065109375 0.3466796875 0.5925496421875 0.3232421875 0.584920246875 0.3173828125 0.587463378125 0.2958984375
5 0.7756551109375 0.2646484375 0.7362365734375 0.23828125 0.7108052578125 0.232421875 0.6853739421875 0.236328125 0.6688435875 0.2490234375 0.6612141921875 0.2646484375 0.6612141921875 0.2783203125 0.6688435875 0.3017578125 0.6866455078125 0.3193359375 0.733693440625 0.34375 0.7896423328125 0.349609375 0.8087158203125 0.3564453125 0.7960001625 0.3251953125 0.7960001625 0.2998046875 0.7832845046875 0.2841796875 0.7756551109375 0.2646484375
5 0.9422302234375 0.27734375 0.9676615390625001 0.275390625 0.97910563125 0.2666015625 0.9714762374999999 0.2587890625 0.9714762374999999 0.2490234375 0.9625752765625 0.248046875 0.9473164875 0.23828125 0.93460083125 0.23828125 0.9320576984375 0.234375 0.8989969890625 0.236328125 0.873565675 0.24609375 0.8494059249999999 0.2685546875 0.8392333984375 0.2919921875 0.8443196609375001 0.2978515625 0.8443196609375001 0.3095703125 0.8544921875 0.3134765625 0.85703531875 0.3251953125 0.865936278125 0.326171875 0.873565675 0.3359375 0.8913675937500001 0.33984375 0.9091695156249999 0.322265625 0.9129842125 0.3291015625 0.9218851718750001 0.3359375 0.9295145671875 0.333984375 0.9371439609375001 0.34375 0.9638468421875 0.3486328125 0.97401936875 0.3427734375 0.97401936875 0.3115234375 0.9307861328125 0.2744140625 0.9422302234375 0.27734375
5 0.205993653125 0.5068359375 0.205993653125 0.4853515625 0.2009073890625 0.4619140625 0.1805623375 0.4384765625 0.1386006671875 0.408203125 0.13097127343749998 0.404296875 0.115712484375 0.404296875 0.0750223796875 0.419921875 0.049591065625 0.419921875 0.027974446874999996 0.4462890625 0.022888184375000002 0.4638671875 0.030517578125 0.4970703125 0.0406901046875 0.5107421875 0.09028116875 0.548828125 0.1131693515625 0.5546875 0.12969970625 0.5537109375 0.15385945625 0.548828125 0.17166137812499999 0.552734375 0.175476075 0.5498046875 0.205993653125 0.5068359375
5 0.4119873046875 0.5107421875 0.40944417343749995 0.4990234375 0.399271646875 0.4912109375 0.4069010421875 0.4853515625 0.401814778125 0.4755859375 0.3814697265625 0.4560546875 0.35985310937500004 0.443359375 0.316619871875 0.435546875 0.2784729015625 0.435546875 0.269571940625 0.4970703125 0.274658203125 0.5205078125 0.2899169921875 0.5380859375 0.29881795312500004 0.541015625 0.306447346875 0.537109375 0.32424926875 0.552734375 0.336964925 0.548828125 0.3496805828125 0.55859375 0.35730997656249996 0.5546875 0.367482503125 0.55859375 0.391642253125 0.5576171875 0.396728515625 0.5341796875 0.404357909375 0.5283203125 0.401814778125 0.5166015625 0.4119873046875 0.5107421875
5 0.633239746875 0.5439453125 0.61798095625 0.5087890625 0.6256103515625 0.5009765625 0.60272216875 0.4853515625 0.61289469375 0.4736328125 0.591278075 0.462890625 0.56838989375 0.462890625 0.579833984375 0.4521484375 0.57347615625 0.4453125 0.542958578125 0.44140625 0.5175272625 0.44921875 0.48446655156249996 0.44921875 0.4730224609375 0.4443359375 0.46412149999999996 0.4296875 0.4679361984375 0.4658203125 0.46030680312500005 0.4970703125 0.462849934375 0.5244140625 0.47938028906249996 0.5390625 0.49463907812499996 0.5234375 0.5009969078125 0.5419921875 0.52007039375 0.5546875 0.52515665625 0.556640625 0.5353291828125 0.548828125 0.5569458 0.5576171875 0.560760496875 0.55078125 0.58110555 0.552734375 0.5836486828125 0.548828125 0.633239746875 0.5439453125
5 0.7756551109375 0.4638671875 0.7540384921875 0.44921875 0.733693440625 0.44140625 0.720977784375 0.44140625 0.69046020625 0.451171875 0.67138671875 0.4697265625 0.67138671875 0.4970703125 0.701904296875 0.5361328125 0.7540384921875 0.55859375 0.77438354375 0.564453125 0.78837076875 0.5634765625 0.79345703125 0.5537109375 0.7909139 0.5302734375 0.7960001625 0.5009765625 0.7756551109375 0.4638671875
5 0.94477335625 0.439453125 0.8989969890625 0.435546875 0.8786519374999999 0.455078125 0.8583068859375 0.45703125 0.8494059249999999 0.4638671875 0.8341471359374999 0.4892578125 0.8366902671875 0.5029296875 0.8417765296875 0.5107421875 0.8811950671875 0.537109375 0.9371439609375001 0.556640625 0.97401936875 0.5576171875 0.97910563125 0.4814453125 0.9714762374999999 0.4599609375 0.9663899734375001 0.4521484375 0.94477335625 0.439453125
5 0.9613037109375 0.6806640625 0.9295145671875 0.65625 0.9015401203125 0.642578125 0.8633931484374999 0.638671875 0.8354187 0.646484375 0.8163452156250001 0.6572265625 0.8087158203125 0.6748046875 0.8061726890625 0.7021484375 0.8138020828125001 0.7197265625 0.8354187 0.73828125 0.865936278125 0.75390625 0.89645385625 0.76171875 0.918070475 0.7607421875 0.9524027500000001 0.755859375 0.9765625 0.7451171875 0.9765625 0.7138671875 0.9613037109375 0.6806640625
5 0.6624857578125 0.642578125 0.6243387859375 0.642578125 0.598907471875 0.619140625 0.6001790359375 0.6259765625 0.6230672203125 0.6494140625 0.61798095625 0.6552734375 0.61798095625 0.6884765625 0.6230672203125 0.7041015625 0.640869140625 0.7275390625 0.6548563640625 0.73828125 0.69554646875 0.751953125 0.755310059375 0.7548828125 0.7451375328125 0.7041015625 0.72479248125 0.6689453125 0.7158915203125 0.662109375 0.6624857578125 0.642578125
5 0.5226135265625 0.65625 0.49972534062499996 0.64453125 0.47938028906249996 0.638671875 0.4412333171875 0.63671875 0.42978922500000005 0.6630859375 0.42978922500000005 0.6884765625 0.43996175156249995 0.7138671875 0.45522054062499995 0.7333984375 0.48192342187500004 0.75390625 0.5022684734375 0.76171875 0.5696614578125 0.7666015625 0.574747721875 0.7275390625 0.572204590625 0.7119140625 0.5569458 0.6845703125 0.5226135265625 0.65625
5 0.3560384109375 0.6962890625 0.3217061359375 0.673828125 0.29627482031249996 0.666015625 0.26575724218749996 0.66796875 0.24795532343749999 0.67578125 0.24159749375 0.6845703125 0.24159749375 0.7041015625 0.2644856765625 0.7353515625 0.2911885578125 0.75390625 0.3191630046875 0.765625 0.361124675 0.7666015625 0.3700256359375 0.765625 0.3763834640625 0.7587890625 0.3789265953125 0.7333984375 0.3560384109375 0.6962890625
5 0.157674153125 0.6845703125 0.1322428390625 0.6552734375 0.0953674328125 0.62890625 0.06993611718750001 0.623046875 0.049591065625 0.61328125 0.03178914375 0.61328125 0.027974446874999996 0.6337890625 0.035603840625 0.6572265625 0.07120768281249999 0.6982421875 0.0953674328125 0.7109375 0.1131693515625 0.73046875 0.13351440312500001 0.73828125 0.17420450781250002 0.765625 0.1856486 0.7666015625 0.18819173125 0.7626953125 0.17801920625 0.7490234375 0.175476075 0.7236328125 0.157674153125 0.6845703125
5 0.155131021875 0.8310546875 0.1360575359375 0.814453125 0.1055399578125 0.8046875 0.06739298437499999 0.806640625 0.0394185390625 0.814453125 0.033060709375000004 0.8271484375 0.035603840625 0.8388671875 0.022888184375000002 0.8388671875 0.022888184375000002 0.8662109375 0.0178019203125 0.8759765625 0.035603840625 0.8857421875 0.035603840625 0.8974609375 0.043233235937499996 0.9091796875 0.049591065625 0.9140625 0.054677328125 0.912109375 0.0750223796875 0.919921875 0.0877380359375 0.91796875 0.09791056249999999 0.927734375 0.1080830890625 0.92578125 0.1182556140625 0.93359375 0.13097127343749998 0.93359375 0.1729329421875 0.9501953125 0.1703898109375 0.9130859375 0.18310546875 0.8955078125 0.1856486 0.8740234375 0.155131021875 0.8310546875
5 0.3395080578125 0.83984375 0.32679239843749996 0.83984375 0.27592976875 0.81640625 0.2263387046875 0.8427734375 0.21870930937500002 0.8544921875 0.22379557343749998 0.8779296875 0.221252440625 0.8916015625 0.2288818359375 0.8935546875 0.23269653437499999 0.904296875 0.24032592656250001 0.904296875 0.24159749375 0.9091796875 0.25304158593750004 0.912109375 0.2632141125 0.921875 0.28355916406250004 0.92578125 0.2911885578125 0.931640625 0.29881795312500004 0.9296875 0.31153360937499996 0.9375 0.32424926875 0.93359375 0.32933553125000004 0.939453125 0.338236490625 0.9384765625 0.3623962390625 0.927734375 0.3814697265625 0.9072265625 0.3814697265625 0.8740234375 0.3395080578125 0.83984375
5 0.521341959375 0.8720703125 0.523885090625 0.8662109375 0.5035400390625 0.8388671875 0.47938028906249996 0.82421875 0.44886271093749996 0.822265625 0.428517659375 0.830078125 0.40562947656250004 0.810546875 0.4170735671875 0.8349609375 0.399271646875 0.8447265625 0.391642253125 0.8583984375 0.404357909375 0.8916015625 0.4107157390625 0.896484375 0.41834513281249996 0.89453125 0.43869018437499996 0.9140625 0.44631958125000004 0.9140625 0.45649210625 0.921875 0.46666463281250004 0.919921875 0.48192342187500004 0.93359375 0.546773275 0.9580078125 0.546773275 0.9423828125 0.5315144859375 0.9052734375 0.5340576171875 0.8935546875 0.521341959375 0.8720703125
5 0.7413228359375 0.87890625 0.765482584375 0.8681640625 0.7451375328125 0.8427734375 0.7286071765625 0.830078125 0.7031758625 0.82421875 0.6930033359375 0.814453125 0.6675720203125 0.8125 0.648498534375 0.8193359375 0.643412271875 0.8408203125 0.62942505 0.85546875 0.598907471875 0.853515625 0.577290853125 0.8681640625 0.572204590625 0.8916015625 0.579833984375 0.8955078125 0.582377115625 0.9169921875 0.6319681796875 0.943359375 0.640869140625 0.9365234375 0.643412271875 0.9189453125 0.65231323125 0.916015625 0.6612141921875 0.9326171875 0.6752014171875 0.94140625 0.682830809375 0.939453125 0.7158915203125 0.947265625 0.7375081375 0.9462890625 0.7425944015625 0.9052734375 0.7197062171875 0.8876953125 0.7171630859375 0.8798828125 0.7413228359375 0.87890625
5 0.914255778125 0.82421875 0.855763753125 0.802734375 0.8176167812499999 0.802734375 0.799814859375 0.80859375 0.78837076875 0.8076171875 0.7909139 0.8447265625 0.8036295578124999 0.8681640625 0.865936278125 0.923828125 0.8989969890625 0.939453125 0.9371439609375001 0.943359375 0.9841918937499999 0.9541015625 0.97401936875 0.9365234375 0.9714762374999999 0.8974609375 0.9562174484374999 0.8642578125 0.914255778125 0.82421875