5 0.11328125 0.174753825 0.14453125 0.11371866875 0.1650390625 0.025980631250000004 0.1142578125 0.053955078125 0.095703125 0.07557169531249999 0.05859375 0.15695190312500001 0.05078125 0.18492635156249998 0.0537109375 0.20654296875 0.0712890625 0.21162923125000002 0.0888671875 0.20145670624999998 0.11328125 0.174753825
5 0.1201171875 0.755859375 0.134765625 0.7393290203125 0.1484375 0.7113545734375 0.15625 0.6859232578125 0.1572265625 0.661763509375 0.1552734375 0.63124593125 0.1240234375 0.6287028 0.0869140625 0.6439615890625 0.060546875 0.67575073125 0.052734375 0.696095784375 0.052734375 0.749501546875 0.0888671875 0.7660319015625 0.1201171875 0.755859375
5 0.064453125 0.561309815625 0.013671875 0.6579488125 0.0146484375 0.664306640625 0.02734375 0.6477762859375 0.0693359375 0.5625813796875 0.0791015625 0.5574951171875 0.1064453125 0.5625813796875 0.1220703125 0.5549519859375 0.140625 0.5358785 0.15234375 0.510447184375 0.15234375 0.49264526249999996 0.15625 0.48501587031250004 0.15234375 0.449412028125 0.1552734375 0.412536621875 0.1435546875 0.415079753125 0.1318359375 0.425252278125 0.1025390625 0.43288167343749995 0.0712890625 0.46339925156249995 0.05859375 0.48501587031250004 0.052734375 0.512990315625 0.064453125 0.54350789375 0.064453125 0.561309815625
5 0.1005859375 0.26503499375 0.0888671875 0.27520751875 0.0693359375 0.24723307343749998 0.060546875 0.256134034375 0.05078125 0.2841084796875 0.044921875 0.28919474218749996 0.041015625 0.32225545312500004 0.0810546875 0.3896484375 0.1103515625 0.3947347 0.1123046875 0.38710530625 0.1240234375 0.38710530625 0.1513671875 0.3718465171875 0.16015625 0.3629455578125 0.1591796875 0.359130859375 0.138671875 0.33751424218750004 0.14453125 0.32225545312500004 0.142578125 0.30953979375 0.150390625 0.2815653484375 0.1474609375 0.25994873125 0.1279296875 0.25994873125 0.1123046875 0.267578125 0.1005859375 0.26503499375
5 0.033203125 0.950408934375 0.0693359375 0.972025553125 0.0986328125 0.969482421875 0.1259765625 0.9593098953125001 0.14453125 0.937693278125 0.154296875 0.9148050937500001 0.162109375 0.876658121875 0.1611328125 0.844868978125 0.1533203125 0.844868978125 0.1357421875 0.8321533203125 0.0830078125 0.8296101890625 0.0634765625 0.8372395828125001 0.041015625 0.8588562 0.02734375 0.8919169109375 0.025390625 0.9122619640625 0.033203125 0.950408934375
5 0.3017578125 0.9440511062500001 0.3310546875 0.9237060546875 0.341796875 0.9071757 0.357421875 0.8588562 0.35546875 0.8105367031249999 0.3583984375 0.7965494796875 0.3388671875 0.8016357421875 0.3017578125 0.8016357421875 0.2744140625 0.8219807937500001 0.248046875 0.8613993328125 0.24609375 0.889373778125 0.2578125 0.9249776203125 0.2822265625 0.9440511062500001 0.3017578125 0.9440511062500001
5 0.2265625 0.749501546875 0.2646484375 0.76348876875 0.3037109375 0.75331624375 0.3251953125 0.7355143234375 0.341796875 0.7113545734375 0.349609375 0.6859232578125 0.353515625 0.6579488125 0.3525390625 0.6159871421875 0.3251953125 0.605814615625 0.2978515625 0.605814615625 0.2822265625 0.610900878125 0.2548828125 0.63124593125 0.234375 0.66557820625 0.224609375 0.6910095203125 0.22265625 0.7266133625 0.2265625 0.749501546875
5 0.2607421875 0.40745035781250005 0.251953125 0.43161010624999996 0.2412109375 0.4430542 0.2333984375 0.4405110671875 0.23046875 0.44686889531249996 0.23828125 0.4646708171875 0.23828125 0.47992960625 0.2490234375 0.49391682968749995 0.271484375 0.49264526249999996 0.25 0.523162840625 0.2685546875 0.5066324875 0.267578125 0.5257059734375 0.271484375 0.5409647625 0.2802734375 0.547322590625 0.2861328125 0.544779459375 0.2998046875 0.5600382484375 0.3095703125 0.544779459375 0.3193359375 0.547322590625 0.3369140625 0.534606934375 0.34765625 0.523162840625 0.3359375 0.500274659375 0.34765625 0.47230021093749996 0.3486328125 0.427795409375 0.3466796875 0.4099934890625 0.3232421875 0.40745035781250005 0.3173828125 0.415079753125 0.2958984375 0.412536621875 0.2822265625 0.420166015625 0.28125 0.40872192500000004 0.2724609375 0.39727783125 0.2607421875 0.40745035781250005
5 0.2490234375 0.3311564125 0.2646484375 0.3387858078125 0.2783203125 0.3387858078125 0.3017578125 0.3311564125 0.3193359375 0.3133544921875 0.34375 0.266306559375 0.349609375 0.21035766718749999 0.3564453125 0.1912841796875 0.3251953125 0.2039998375 0.2998046875 0.2039998375 0.2841796875 0.21671549531249998 0.2646484375 0.2243448890625 0.23828125 0.2637634265625 0.232421875 0.28919474218749996 0.236328125 0.3146260578125 0.2490234375 0.3311564125
5 0.2490234375 0.0285237625 0.248046875 0.0374247234375 0.23828125 0.052683512499999995 0.23828125 0.06539916875 0.234375 0.0679423015625 0.236328125 0.1010030109375 0.24609375 0.12643432500000001 0.2685546875 0.150594075 0.2919921875 0.1607666015625 0.2978515625 0.1556803390625 0.3095703125 0.1556803390625 0.3134765625 0.1455078125 0.3251953125 0.14296468125 0.326171875 0.13406372187499999 0.3359375 0.12643432500000001 0.33984375 0.10863240625 0.322265625 0.09083048437499999 0.3291015625 0.0870157875 0.3359375 0.07811482812500001 0.333984375 0.0704854328125 0.34375 0.06285603906250001 0.3486328125 0.036153157812499996 0.3427734375 0.025980631250000004 0.3115234375 0.025980631250000004 0.2744140625 0.0692138671875 0.27734375 0.0577697765625 0.275390625 0.0323384609375 0.2666015625 0.02089436875 0.2587890625 0.0285237625 0.2490234375 0.0285237625
5 0.408203125 0.8613993328125 0.404296875 0.8690287265625001 0.404296875 0.8842875156250001 0.419921875 0.9249776203125 0.419921875 0.950408934375 0.4462890625 0.972025553125 0.4638671875 0.9771118156249999 0.4970703125 0.969482421875 0.5107421875 0.9593098953125001 0.548828125 0.90971883125 0.5546875 0.8868306484374999 0.5537109375 0.8703002937500001 0.548828125 0.84614054375 0.552734375 0.828338621875 0.5498046875 0.8245239249999999 0.5068359375 0.794006346875 0.4853515625 0.794006346875 0.4619140625 0.7990926109375 0.4384765625 0.8194376625 0.408203125 0.8613993328125
5 0.4755859375 0.598185221875 0.4560546875 0.6185302734375 0.443359375 0.640146890625 0.435546875 0.683380128125 0.435546875 0.7215270984375 0.4970703125 0.730428059375 0.5205078125 0.725341796875 0.5380859375 0.7100830078125 0.541015625 0.701182046875 0.537109375 0.693552653125 0.552734375 0.67575073125 0.548828125 0.663035075 0.55859375 0.6503194171875 0.5546875 0.6426900234375 0.55859375 0.632517496875 0.5576171875 0.608357746875 0.5341796875 0.603271484375 0.5283203125 0.595642090625 0.5166015625 0.598185221875 0.5107421875 0.5880126953125 0.4990234375 0.5905558265625 0.4912109375 0.600728353125 0.4853515625 0.5930989578125 0.4755859375 0.598185221875
5 0.4736328125 0.38710530625 0.462890625 0.40872192500000004 0.462890625 0.43161010624999996 0.4521484375 0.420166015625 0.4453125 0.42652384374999996 0.44140625 0.45704142187499996 0.44921875 0.4824727375 0.44921875 0.5155334484375 0.4443359375 0.5269775390625 0.4296875 0.5358785 0.4658203125 0.5320638015625 0.4970703125 0.539693196875 0.5244140625 0.537150065625 0.5390625 0.5206197109375 0.5234375 0.505360921875 0.5419921875 0.49900309218750005 0.5546875 0.47992960625 0.556640625 0.47484334375000004 0.548828125 0.4646708171875 0.5576171875 0.4430542 0.55078125 0.43923950312500004 0.552734375 0.41889445 0.548828125 0.41635131718749996 0.5439453125 0.366760253125 0.5087890625 0.38201904375 0.5009765625 0.3743896484375 0.4853515625 0.39727783125 0.4736328125 0.38710530625
5 0.451171875 0.30953979375 0.4697265625 0.32861328125 0.4970703125 0.32861328125 0.5361328125 0.298095703125 0.55859375 0.2459615078125 0.564453125 0.22561645624999999 0.5634765625 0.21162923125000002 0.5537109375 0.20654296875 0.5302734375 0.2090861 0.5009765625 0.2039998375 0.4638671875 0.2243448890625 0.44921875 0.2459615078125 0.44140625 0.266306559375 0.44140625 0.279022215625 0.451171875 0.30953979375
5 0.4638671875 0.150594075 0.4892578125 0.1658528640625 0.5029296875 0.1633097328125 0.5107421875 0.1582234703125 0.537109375 0.1188049328125 0.556640625 0.06285603906250001 0.5576171875 0.025980631250000004 0.4814453125 0.02089436875 0.4599609375 0.0285237625 0.4521484375 0.0336100265625 0.439453125 0.055226643750000005 0.435546875 0.1010030109375 0.455078125 0.1213480625 0.45703125 0.14169311406250001 0.4638671875 0.150594075
5 0.646484375 0.16458129999999999 0.6572265625 0.183654784375 0.6748046875 0.1912841796875 0.7021484375 0.1938273109375 0.7197265625 0.1861979171875 0.73828125 0.16458129999999999 0.75390625 0.13406372187499999 0.76171875 0.10354614375 0.7607421875 0.081929525 0.755859375 0.04759725 0.7451171875 0.0234375 0.7138671875 0.0234375 0.6806640625 0.0386962890625 0.65625 0.0704854328125 0.642578125 0.0984598796875 0.638671875 0.13660685156250002 0.646484375 0.16458129999999999
5 0.6494140625 0.3769327796875 0.6552734375 0.38201904375 0.6884765625 0.38201904375 0.7041015625 0.3769327796875 0.7275390625 0.359130859375 0.73828125 0.3451436359375 0.751953125 0.30445353124999996 0.7548828125 0.244689940625 0.7041015625 0.2548624671875 0.6689453125 0.27520751875 0.662109375 0.2841084796875 0.642578125 0.33751424218750004 0.642578125 0.3756612140625 0.619140625 0.40109252812499996 0.6259765625 0.3998209640625 0.6494140625 0.3769327796875
5 0.6630859375 0.570210775 0.6884765625 0.570210775 0.7138671875 0.5600382484375 0.7333984375 0.544779459375 0.75390625 0.518076578125 0.76171875 0.4977315265625 0.7666015625 0.4303385421875 0.7275390625 0.425252278125 0.7119140625 0.427795409375 0.6845703125 0.4430542 0.65625 0.47738647343749996 0.64453125 0.500274659375 0.638671875 0.5206197109375 0.63671875 0.5587666828125 0.6630859375 0.570210775
5 0.67578125 0.7520446765625 0.6845703125 0.75840250625 0.7041015625 0.75840250625 0.7353515625 0.7355143234375 0.75390625 0.7088114421875 0.765625 0.6808369953125 0.7666015625 0.638875325 0.765625 0.6299743640625 0.7587890625 0.6236165359375 0.7333984375 0.6210734046875 0.6962890625 0.6439615890625 0.673828125 0.6782938640625 0.666015625 0.7037251796875 0.66796875 0.7342427578125 0.67578125 0.7520446765625
5 0.61328125 0.950408934375 0.61328125 0.96821085625 0.6337890625 0.972025553125 0.6572265625 0.9643961593749999 0.6982421875 0.9287923171875001 0.7109375 0.9046325671875 0.73046875 0.8868306484374999 0.73828125 0.866485596875 0.765625 0.8257954921874999 0.7666015625 0.8143514 0.7626953125 0.8118082687499999 0.7490234375 0.8219807937500001 0.7236328125 0.8245239249999999 0.6845703125 0.8423258468749999 0.6552734375 0.8677571609375001 0.62890625 0.9046325671875 0.623046875 0.9300638828125001 0.61328125 0.950408934375
5 0.814453125 0.9605814609375001 0.8271484375 0.966939290625 0.8388671875 0.9643961593749999 0.8388671875 0.9771118156249999 0.8662109375 0.9771118156249999 0.8759765625 0.9821980796875 0.8857421875 0.9643961593749999 0.8974609375 0.9643961593749999 0.9091796875 0.9567667640625 0.9140625 0.950408934375 0.912109375 0.9453226718750001 0.919921875 0.9249776203125 0.91796875 0.9122619640625 0.927734375 0.9020894374999999 0.92578125 0.8919169109375 0.93359375 0.8817443859375 0.93359375 0.8690287265625001 0.9501953125 0.8270670578124999 0.9130859375 0.8296101890625 0.8955078125 0.81689453125 0.8740234375 0.8143514 0.8310546875 0.844868978125 0.814453125 0.8639424640625 0.8046875 0.8944600421875 0.806640625 0.9326070156249999 0.814453125 0.9605814609375001
5 0.8544921875 0.781290690625 0.8779296875 0.7762044265625 0.8916015625 0.778747559375 0.8935546875 0.7711181640625 0.904296875 0.767303465625 0.904296875 0.7596740734375 0.9091796875 0.75840250625 0.912109375 0.7469584140625 0.921875 0.7367858875 0.92578125 0.7164408359375 0.931640625 0.7088114421875 0.9296875 0.701182046875 0.9375 0.688466390625 0.93359375 0.67575073125 0.939453125 0.67066446875 0.9384765625 0.661763509375 0.927734375 0.6376037609375 0.9072265625 0.6185302734375 0.8740234375 0.6185302734375 0.83984375 0.6604919421875 0.83984375 0.6732076015625 0.81640625 0.72407023125 0.8427734375 0.7736612953125 0.8544921875 0.781290690625
5 0.822265625 0.5511372890625 0.830078125 0.571482340625 0.810546875 0.5943705234375 0.8349609375 0.5829264328125 0.8447265625 0.600728353125 0.8583984375 0.608357746875 0.8916015625 0.595642090625 0.896484375 0.5892842609375 0.89453125 0.5816548671875 0.9140625 0.561309815625 0.9140625 0.55368041875 0.921875 0.54350789375 0.919921875 0.5333353671875 0.93359375 0.518076578125 0.9580078125 0.45322672500000005 0.9423828125 0.45322672500000005 0.9052734375 0.46848551406250005 0.8935546875 0.4659423828125 0.8720703125 0.47865804062499995 0.8662109375 0.476114909375 0.8388671875 0.4964599609375 0.82421875 0.5206197109375 0.822265625 0.5511372890625
5 0.82421875 0.2968241375 0.814453125 0.30699666406250004 0.8125 0.3324279796875 0.8193359375 0.351501465625 0.8408203125 0.356587728125 0.85546875 0.37057495 0.853515625 0.40109252812499996 0.8681640625 0.42270914687500005 0.8916015625 0.427795409375 0.8955078125 0.420166015625 0.9169921875 0.41762288437499995 0.943359375 0.36803182031250004 0.9365234375 0.359130859375 0.9189453125 0.356587728125 0.916015625 0.34768676875 0.9326171875 0.3387858078125 0.94140625 0.3247985828125 0.939453125 0.317169190625 0.947265625 0.2841084796875 0.9462890625 0.2624918625 0.9052734375 0.2574055984375 0.8876953125 0.2802937828125 0.8798828125 0.2828369140625 0.87890625 0.25867716406249996 0.8681640625 0.234517415625 0.8427734375 0.2548624671875 0.830078125 0.2713928234375 0.82421875 0.2968241375
5 0.8076171875 0.21162923125000002 0.8447265625 0.2090861 0.8681640625 0.1963704421875 0.923828125 0.13406372187499999 0.939453125 0.1010030109375 0.943359375 0.06285603906250001 0.9541015625 0.015808106250000002 0.9365234375 0.025980631250000004 0.8974609375 0.0285237625 0.8642578125 0.0437825515625 0.82421875 0.085744221875 0.802734375 0.144236246875 0.802734375 0.18238321875000002 0.80859375 0.200185140625 0.8076171875 0.21162923125000002