5 0.7916973781250001 0.12011718906249999 0.798275353125 0.1669921890625 0.9506651703125 0.109375 0.97588075 0.0791015625 0.9671101125 0.0224609375 0.9002340046875 0.021484373437500003 0.838839546875 0.048828126562500004 0.7916973781250001 0.12011718906249999
5 0.6228626171875 0.08300781093750001 0.6184773015625 0.1552734375 0.66123415625 0.1542968734375 0.687546065625 0.1328125 0.7105689859375001 0.1494140625 0.732495575 0.10644531093750001 0.711665315625 0.0390625 0.6458855375 0.0390625 0.60532134375 0.0634765625 0.6228626171875 0.08300781093750001
5 0.46060583906249997 0.0712890625 0.4035966984375 0.1748046890625 0.53515625 0.10449218906249999 0.5570828390625 0.0576171890625 0.5494085328125 0.0253906265625 0.5055553484375 0.033203126562500004 0.46060583906249997 0.0712890625
5 0.2457252359375 0.10449218906249999 0.247917896875 0.1708984375 0.310408684375 0.1601562515625 0.372899471875 0.11425781093750001 0.386055425 0.0869140625 0.373995796875 0.0273437484375 0.3169866609375 0.0292968734375 0.27203714687499997 0.0615234375 0.2457252359375 0.10449218906249999
5 0.0198813390625 0.1357421890625 0.09223909375 0.1669921890625 0.1481519015625 0.1582031265625 0.16898216562499999 0.1240234375 0.160211528125 0.08105468906249999 0.10649137812500001 0.0507812515625 0.057156546875000006 0.0771484375 0.0198813390625 0.1357421890625
5 0.8234909343749999 0.234375 0.807045990625 0.3583984375 0.9133899624999999 0.3300781265625 0.9407982031250001 0.3056640625 0.9364128828125 0.2705078109375 0.8695367781250001 0.2246093734375 0.8234909343749999 0.234375
5 0.6272479343749999 0.2919921890625 0.6118993203125 0.3662109375 0.6743901078125 0.3652343734375 0.6996056890625 0.3486328109375 0.736880896875 0.2880859375 0.73359190625 0.2460937484375 0.6272479343749999 0.2919921890625
5 0.5011700328125 0.2753906265625 0.42552329218749996 0.3662109375 0.4814360984375 0.3515625 0.5494085328125 0.3066406265625 0.5855874109375 0.2431640625 0.5011700328125 0.2753906265625
5 0.27861512187500004 0.3525390625 0.3158903296875 0.3623046890625 0.358647184375 0.3574218734375 0.40798201875 0.3056640625 0.40140403750000003 0.2431640625 0.3564545234375 0.2207031265625 0.2862894296875 0.2441406265625 0.2588811890625 0.2900390625 0.27861512187500004 0.3525390625
5 0.0396152734375 0.2900390625 0.022074 0.3681640625 0.1086840375 0.3632812515625 0.165693175 0.3359375 0.1974867359375 0.2939453109375 0.18871609375 0.2490234375 0.137188603125 0.21875 0.08017946718749999 0.2265625 0.0396152734375 0.2900390625
5 0.8158166281250001 0.5498046890625 0.8443211984375001 0.5576171890625 0.8805000749999999 0.5566406265625 0.925449584375 0.5283203109375 0.9791697359375 0.4160156265625 0.8519955046875 0.4550781265625 0.8245872640625 0.4775390625 0.8158166281250001 0.5498046890625
5 0.6294405937499999 0.5478515625 0.6557525046875 0.5537109375 0.7226286125 0.5507812515625 0.7303029203125 0.5361328109375 0.7303029203125 0.5068359375 0.6743901078125 0.4667968734375 0.6513671890625 0.4716796890625 0.6579451656249999 0.4951171890625 0.6294405937499999 0.5478515625
5 0.21941332500000002 0.5517578109375 0.2654591703125 0.5556640625 0.3301426125 0.5449218734375 0.36193617499999997 0.5029296890625 0.3542618671875 0.4707031265625 0.2819041125 0.4355468734375 0.2402435890625 0.4472656265625 0.21502800937500002 0.4833984375 0.21941332500000002 0.5517578109375
5 0.421137971875 0.5458984375 0.48033976875000006 0.5478515625 0.5559865140625 0.5332031265625 0.5855874109375 0.4970703109375 0.577913103125 0.4707031265625 0.49678471249999995 0.4238281265625 0.4485462125 0.4375 0.42552329218749996 0.4736328109375 0.421137971875 0.5458984375
5 0.0955280796875 0.5292968734375 0.1273216421875 0.5576171890625 0.1624041890625 0.5087890625 0.1514408921875 0.4736328109375 0.0911427640625 0.4375 0.0450969203125 0.4492187484375 0.022074 0.4697265625 0.04838590625 0.4931640625 0.0308446328125 0.5126953109375 0.035229953125000005 0.5458984375 0.073601490625 0.546875 0.0955280796875 0.5292968734375
5 0.8136239671875 0.6787109375 0.7807340796875 0.7451171890625 0.8761147546875 0.7148437484375 0.902426665625 0.6816406265625 0.9309312359374999 0.7167968734375 0.9407982031250001 0.6728515625 0.925449584375 0.6474609375 0.8936560281249999 0.625 0.854188165625 0.6289062515625 0.8662477875000001 0.6513671890625 0.8136239671875 0.6787109375
5 0.8136239671875 0.6787109375 0.7807340796875 0.7451171890625 0.84980284375 0.7285156265625 0.902426665625 0.6855468734375 0.9309312359374999 0.7148437484375 0.9407982031250001 0.6728515625 0.9232569296875001 0.6435546890625 0.8936560281249999 0.625 0.854188165625 0.6289062515625 0.8618624718750001 0.6513671890625 0.8136239671875 0.6787109375
5 0.6228626171875 0.6787109375 0.6294405937499999 0.7373046890625 0.689738721875 0.734375 0.735784565625 0.7109375 0.752229509375 0.6865234375 0.7434588718749999 0.6572265625 0.70070201875 0.625 0.6436928828124999 0.6347656265625 0.6228626171875 0.6787109375
5 0.636018575 0.8876953109375 0.6294405937499999 0.9423828109375 0.6919313828125 0.9375 0.7500368484375 0.9013671890625 0.7741561031249999 0.8486328109375 0.7686744531249999 0.8105468734375 0.7226286125 0.8085937484375 0.6667158015625 0.8427734375 0.636018575 0.8876953109375
5 0.7938900375 0.9345703109375 0.8114313109375001 0.9404296890625 0.9221605984375 0.921875 0.9693027734375 0.8681640625 0.9714954296875 0.8115234375 0.9199679390625001 0.7949218734375 0.84980284375 0.8222656265625 0.8048533296875 0.8857421890625 0.7938900375 0.9345703109375
5 0.40798201875 0.7197265625 0.44744988281250003 0.7412109375 0.511037 0.7333984375 0.570238796875 0.6572265625 0.571335128125 0.6152343734375 0.523096621875 0.625 0.49239939687499995 0.6132812515625 0.4814360984375 0.6347656265625 0.43429392499999997 0.6396484375 0.443064565625 0.6650390625 0.40798201875 0.7197265625
5 0.4277159484375 0.8740234375 0.40578935781250003 0.9345703109375 0.5011700328125 0.9355468734375 0.55160119375 0.9179687484375 0.5855874109375 0.8759765625 0.5833947546875 0.8154296890625 0.4726654625 0.8242187484375 0.4277159484375 0.8740234375
5 0.25559220312500003 0.640625 0.239147259375 0.7236328109375 0.314794 0.703125 0.36632149062499997 0.6162109375 0.303830703125 0.6191406265625 0.25559220312500003 0.640625
5 0.2457252359375 0.8427734375 0.2106426890625 0.9365234375 0.3301426125 0.9179687484375 0.3794774484375 0.8798828109375 0.3794774484375 0.8486328109375 0.33233527343749997 0.8046875 0.2840967734375 0.8066406265625 0.2457252359375 0.8427734375