5 0.0493348296875 0.109375 0.20172464687499997 0.1669921890625 0.208302621875 0.12011718906249999 0.161160453125 0.048828126562500004 0.0997659953125 0.021484373437500003 0.0328898875 0.0224609375 0.024119250000000002 0.0791015625 0.0493348296875 0.109375
5 0.2894310140625 0.1494140625 0.312453934375 0.1328125 0.33876584374999996 0.1542968734375 0.38152269843750003 0.1552734375 0.37713738281250003 0.08300781093750001 0.39467865625 0.0634765625 0.3541144625 0.0390625 0.288334684375 0.0390625 0.267504425 0.10644531093750001 0.2894310140625 0.1494140625
5 0.5964033015625 0.1748046890625 0.5393941609375 0.0712890625 0.49444465156249995 0.033203126562500004 0.4505914671875 0.0253906265625 0.44291716093750005 0.0576171890625 0.46484375 0.10449218906249999 0.5964033015625 0.1748046890625
5 0.627100528125 0.11425781093750001 0.689591315625 0.1601562515625 0.752082103125 0.1708984375 0.7542747640624999 0.10449218906249999 0.727962853125 0.0615234375 0.6830133390625 0.0292968734375 0.626004203125 0.0273437484375 0.613944575 0.0869140625 0.627100528125 0.11425781093750001
5 0.8518480984375 0.1582031265625 0.90776090625 0.1669921890625 0.9801186609375 0.1357421890625 0.942843453125 0.0771484375 0.8935086218749999 0.0507812515625 0.8397884718749999 0.08105468906249999 0.831017834375 0.1240234375 0.8518480984375 0.1582031265625
5 0.192954009375 0.3583984375 0.176509065625 0.234375 0.13046322187499998 0.2246093734375 0.0635871171875 0.2705078109375 0.059201796875000004 0.3056640625 0.0866100375 0.3300781265625 0.192954009375 0.3583984375
5 0.3881006796875 0.3662109375 0.37275206562499996 0.2919921890625 0.26640809375 0.2460937484375 0.26311910312500003 0.2880859375 0.3003943109375 0.3486328109375 0.3256098921875 0.3652343734375 0.3881006796875 0.3662109375
5 0.49882996718749995 0.2753906265625 0.4144125890625 0.2431640625 0.4505914671875 0.3066406265625 0.5185639015625 0.3515625 0.5744767078125 0.3662109375 0.49882996718749995 0.2753906265625
5 0.5920179812499999 0.3056640625 0.641352815625 0.3574218734375 0.6841096703125 0.3623046890625 0.7213848781250001 0.3525390625 0.7411188109375 0.2900390625 0.7137105703125 0.2441406265625 0.6435454765624999 0.2207031265625 0.5985959624999999 0.2431640625 0.5920179812499999 0.3056640625
5 0.834306825 0.3359375 0.8913159625 0.3632812515625 0.9779260000000001 0.3681640625 0.9603847265625 0.2900390625 0.9198205328125001 0.2265625 0.862811396875 0.21875 0.8112839062500001 0.2490234375 0.8025132640624999 0.2939453109375 0.834306825 0.3359375
5 0.11949992499999999 0.5566406265625 0.1556788015625 0.5576171890625 0.184183371875 0.5498046890625 0.1754127359375 0.4775390625 0.14800449531249998 0.4550781265625 0.0208302640625 0.4160156265625 0.074550415625 0.5283203109375 0.11949992499999999 0.5566406265625
5 0.2696970796875 0.5361328109375 0.2773713875 0.5507812515625 0.3442474953125 0.5537109375 0.37055940625 0.5478515625 0.342054834375 0.4951171890625 0.3486328109375 0.4716796890625 0.3256098921875 0.4667968734375 0.2696970796875 0.5068359375 0.2696970796875 0.5361328109375
5 0.6380638249999999 0.5029296890625 0.6698573875 0.5449218734375 0.7345408296875 0.5556640625 0.780586675 0.5517578109375 0.784971990625 0.4833984375 0.7597564109375 0.4472656265625 0.7180958875 0.4355468734375 0.6457381328125 0.4707031265625 0.6380638249999999 0.5029296890625
5 0.4144125890625 0.4970703109375 0.4440134859375 0.5332031265625 0.5196602312499999 0.5478515625 0.578862028125 0.5458984375 0.5744767078125 0.4736328109375 0.5514537875000001 0.4375 0.5032152875 0.4238281265625 0.42208689687499995 0.4707031265625 0.4144125890625 0.4970703109375
5 0.9779260000000001 0.4697265625 0.9549030796875 0.4492187484375 0.9088572359375 0.4375 0.8485591078124999 0.4736328109375 0.8375958109375 0.5087890625 0.8726783578124999 0.5576171890625 0.9044719203125 0.5292968734375 0.926398509375 0.546875 0.9647700468749999 0.5458984375 0.9691553671875001 0.5126953109375 0.95161409375 0.4931640625 0.9779260000000001 0.4697265625
5 0.059201796875000004 0.6728515625 0.0690687640625 0.7167968734375 0.097573334375 0.6816406265625 0.1238852453125 0.7148437484375 0.21926592031249997 0.7451171890625 0.18637603281249998 0.6787109375 0.1337522125 0.6513671890625 0.145811834375 0.6289062515625 0.106343971875 0.625 0.074550415625 0.6474609375 0.059201796875000004 0.6728515625
5 0.059201796875000004 0.6728515625 0.0690687640625 0.7148437484375 0.097573334375 0.6855468734375 0.15019715625000002 0.7285156265625 0.21926592031249997 0.7451171890625 0.18637603281249998 0.6787109375 0.138137528125 0.6513671890625 0.145811834375 0.6289062515625 0.106343971875 0.625 0.0767430703125 0.6435546890625 0.059201796875000004 0.6728515625
5 0.264215434375 0.7109375 0.310261278125 0.734375 0.37055940625 0.7373046890625 0.37713738281250003 0.6787109375 0.35630711718749997 0.6347656265625 0.29929798124999996 0.625 0.25654112812499996 0.6572265625 0.247770490625 0.6865234375 0.264215434375 0.7109375
5 0.24996315156249999 0.9013671890625 0.3080686171875 0.9375 0.37055940625 0.9423828109375 0.363981425 0.8876953109375 0.3332841984375 0.8427734375 0.2773713875 0.8085937484375 0.231325546875 0.8105468734375 0.225843896875 0.8486328109375 0.24996315156249999 0.9013671890625
5 0.030697226562500003 0.8681640625 0.0778394015625 0.921875 0.1885686890625 0.9404296890625 0.20610996250000002 0.9345703109375 0.1951466703125 0.8857421890625 0.15019715625000002 0.8222656265625 0.08003206093750001 0.7949218734375 0.028504570312499998 0.8115234375 0.030697226562500003 0.8681640625
5 0.476903378125 0.625 0.428664871875 0.6152343734375 0.429761203125 0.6572265625 0.48896300000000004 0.7333984375 0.5525501171875 0.7412109375 0.5920179812499999 0.7197265625 0.5569354343749999 0.6650390625 0.565706075 0.6396484375 0.5185639015625 0.6347656265625 0.507600603125 0.6132812515625 0.476903378125 0.625
5 0.49882996718749995 0.9355468734375 0.5942106421875 0.9345703109375 0.5722840515625001 0.8740234375 0.5273345375 0.8242187484375 0.41660524531250004 0.8154296890625 0.4144125890625 0.8759765625 0.44839880625 0.9179687484375 0.49882996718749995 0.9355468734375
5 0.744407796875 0.640625 0.6961692968750001 0.6191406265625 0.6336785093749999 0.6162109375 0.685206 0.703125 0.7608527406250001 0.7236328109375 0.744407796875 0.640625
5 0.6698573875 0.9179687484375 0.7893573109375 0.9365234375 0.7542747640624999 0.8427734375 0.7159032265625 0.8066406265625 0.6676647265625 0.8046875 0.6205225515625 0.8486328109375 0.6205225515625 0.8798828109375 0.6698573875 0.9179687484375