5 0.1455078109375 0.019165640625 0.0771484375 0.033539871875 0.0273437515625 0.089838940625 0.06933593593750001 0.1365551875 0.1660156265625 0.1521272703125 0.2255859359375 0.124576659375 0.263671875 0.08025611875000001 0.2119140640625 0.0311441671875 0.1455078109375 0.019165640625
5 0.2773437515625 0.10181746250000001 0.283203125 0.16889720625 0.3378906265625 0.178480025 0.4121093734375 0.08025611875000001 0.3935546875 0.0407269859375 0.3330078109375 0.043122689062500004 0.2773437515625 0.10181746250000001
5 0.4326171890625 0.1149938421875 0.3955078109375 0.1293680734375 0.3398437515625 0.212019896875 0.3623046875 0.2515490296875 0.4121093734375 0.2671211140625 0.4462890640625 0.25634043906250004 0.484375 0.202437078125 0.4804687515625 0.1617100890625 0.4326171890625 0.1149938421875
5 0.4677734375 0.0311441671875 0.4375 0.0706733 0.5214843734375 0.1856671421875 0.5410156265625 0.1425444484375 0.5351562484375 0.09463035 0.5126953125 0.047914098437500004 0.4677734375 0.0311441671875
5 0.685546875 0.046716246875 0.6396484375 0.0215613453125 0.564453125 0.1569186796875 0.6044921890625 0.21082204375 0.703125 0.2144156015625 0.7548828109375 0.184469290625 0.7695312484375 0.1377530390625 0.7041015625 0.10541102499999999 0.685546875 0.046716246875
5 0.9765624984375 0.099421759375 0.9560546875 0.071871153125 0.904296875 0.0922346453125 0.939453125 0.0419248375 0.9287109359375 0.02395705 0.9072265625 0.0287484625 0.8857421890625 0.071871153125 0.8486328109375 0.057496921874999996 0.7929687515625 0.0874432359375 0.8867187515625 0.12337880781249999 0.8876953125 0.1365551875 0.8623046875 0.12697236875 0.84375 0.1425444484375 0.888671875 0.173688615625 0.873046875 0.2144156015625 0.890625 0.22878983281249998 0.8945312484375 0.28389105 0.9023437515625 0.1952499609375 0.9589843734375 0.1832714390625 0.904296875 0.135357334375 0.9765624984375 0.099421759375
5 0.8076171890625 0.1916564046875 0.84375 0.2048327828125 0.8515624984375 0.1832714390625 0.8369140640625 0.1605122359375 0.7890624984375 0.1521272703125 0.8076171890625 0.1916564046875
5 0.8359375015625 0.27909964062500003 0.8691406265625 0.2934738671875 0.8828124984375 0.27670393125000003 0.8710937515625 0.2431640640625 0.8173828109375 0.2180091578125 0.8359375015625 0.27909964062500003
5 0.8027343734375 0.25274688125 0.8066406265625 0.21681130468749998 0.7919921890625 0.1964478125 0.7851562484375 0.23837265 0.8027343734375 0.25274688125
5 0.7255859359375 0.29467171875 0.7060546875 0.3186287734375 0.6806640640625 0.2898803109375 0.658203125 0.32940944375000003 0.6601562484375 0.37732354687499997 0.6943359359375 0.392895625 0.7080078109375 0.4360183203125 0.7382812484375 0.4396118765625 0.7871093734375 0.3964891875 0.763671875 0.3677407234375 0.7714843734375 0.3126395078125 0.7255859359375 0.29467171875
5 0.5546875015625 0.3030566890625 0.5546875015625 0.348575084375 0.5742187515625 0.3677407234375 0.5371093734375 0.38930206875 0.5791015625 0.43122690625000004 0.6015624984375 0.43002905468749997 0.6523437515625 0.35815790625 0.6181640640625 0.2850889015625 0.6044921890625 0.3186287734375 0.5546875015625 0.3030566890625
5 0.296875 0.3940934828125 0.3564453125 0.4479968421875 0.40625 0.4515904046875 0.482421875 0.3964891875 0.3974609359375 0.335398709375 0.3447265625 0.34977293593750003 0.296875 0.3940934828125
5 0.1513671890625 0.20363493125 0.033203125 0.3006609859375 0.09765624843750001 0.3150352125 0.2275390640625 0.2779017828125 0.2539062484375 0.23358124062500002 0.2158203125 0.2060306359375 0.1513671890625 0.20363493125
5 0.0771484375 0.3449815265625 0.046875 0.370136428125 0.140625 0.4036763 0.263671875 0.3725321328125 0.2451171890625 0.335398709375 0.2060546875 0.31144165468749996 0.0771484375 0.3449815265625
5 0.2255859359375 0.49830664999999996 0.11914062656249999 0.506691615625 0.279296875 0.5761670640625 0.2255859359375 0.49830664999999996
5 0.033203125 0.5522100140624999 0.08886718906249999 0.5294508171875 0.140625 0.4539861078125 0.0556640640625 0.49830664999999996 0.033203125 0.5522100140624999
5 0.07031249843750001 0.5641885375 0.1298828109375 0.630070428125 0.203125 0.6384553937499999 0.251953125 0.6144983453124999 0.2197265625 0.5725735078125 0.1279296875 0.5390336359375001 0.07031249843750001 0.5641885375
5 0.1464843734375 0.770219171875 0.1484375015625 0.717513659375 0.1083984375 0.6947544625 0.107421875 0.7462621234375 0.1464843734375 0.770219171875
5 0.4697265625 0.6707974140624999 0.5 0.63126828125 0.4599609359375 0.5677820984374999 0.423828125 0.5761670640625 0.4384765625 0.517472290625 0.3818359359375 0.5294508171875 0.3662109359375 0.562990684375 0.3408203125 0.5534078671875 0.3242187515625 0.5809584734375 0.3291015625 0.6133004921875 0.3710937515625 0.6240811671875 0.3242187515625 0.6456425125 0.3339843734375 0.69116090625 0.3720703125 0.6755888234375 0.3984375015625 0.7055351375 0.453125 0.6815780890625 0.4228515625 0.6707974140624999 0.4248046875 0.6516317734375 0.4697265625 0.6707974140624999
5 0.53125 0.54741860625 0.5390624984375 0.5953327046875 0.5634765625 0.6276747234375 0.6289062484375 0.6432468078125 0.6660156265625 0.6240811671875 0.6259765625 0.5510121625 0.5888671890625 0.5294508171875 0.53125 0.54741860625
5 0.6601562484375 0.5953327046875 0.7441406265625 0.650433921875 0.7539062484375 0.6025198171875 0.7382812484375 0.5522100140624999 0.6533203125 0.503098059375 0.6601562484375 0.5953327046875