5 0.089838940625 0.9726562484375 0.1365551875 0.9306640640625 0.1521272703125 0.8339843734375 0.124576659375 0.7744140640625 0.08025611875000001 0.736328125 0.0311441671875 0.7880859359375 0.019165640625 0.8544921890625 0.033539871875 0.9228515625 0.089838940625 0.9726562484375
5 0.178480025 0.6621093734375 0.08025611875000001 0.5878906265625 0.0407269859375 0.6064453125 0.043122689062500004 0.6669921890625 0.10181746250000001 0.7226562484375 0.16889720625 0.716796875 0.178480025 0.6621093734375
5 0.212019896875 0.6601562484375 0.2515490296875 0.6376953125 0.2671211140625 0.5878906265625 0.25634043906250004 0.5537109359375 0.202437078125 0.515625 0.1617100890625 0.5195312484375 0.1149938421875 0.5673828109375 0.1293680734375 0.6044921890625 0.212019896875 0.6601562484375
5 0.1856671421875 0.4785156265625 0.1425444484375 0.4589843734375 0.09463035 0.4648437515625 0.047914098437500004 0.4873046875 0.0311441671875 0.5322265625 0.0706733 0.5625 0.1856671421875 0.4785156265625
5 0.1569186796875 0.435546875 0.21082204375 0.3955078109375 0.2144156015625 0.296875 0.184469290625 0.2451171890625 0.1377530390625 0.2304687515625 0.10541102499999999 0.2958984375 0.046716246875 0.314453125 0.0215613453125 0.3603515625 0.1569186796875 0.435546875
5 0.0922346453125 0.095703125 0.0419248375 0.060546875 0.02395705 0.07128906406249999 0.0287484625 0.0927734375 0.071871153125 0.11425781093750001 0.057496921874999996 0.1513671890625 0.0874432359375 0.2070312484375 0.12337880781249999 0.11328124843750001 0.1365551875 0.1123046875 0.12697236875 0.1376953125 0.1425444484375 0.15625 0.173688615625 0.111328125 0.2144156015625 0.126953125 0.22878983281249998 0.109375 0.28389105 0.10546875156249999 0.1952499609375 0.09765624843750001 0.1832714390625 0.041015626562500004 0.135357334375 0.095703125 0.099421759375 0.023437501562499997 0.071871153125 0.0439453125 0.0922346453125 0.095703125
5 0.1832714390625 0.1484375015625 0.1605122359375 0.1630859359375 0.1521272703125 0.2109375015625 0.1916564046875 0.1923828109375 0.2048327828125 0.15625 0.1832714390625 0.1484375015625
5 0.27670393125000003 0.11718750156249999 0.2431640640625 0.1289062484375 0.2180091578125 0.1826171890625 0.27909964062500003 0.1640624984375 0.2934738671875 0.1308593734375 0.27670393125000003 0.11718750156249999
5 0.1964478125 0.2080078109375 0.23837265 0.2148437515625 0.25274688125 0.1972656265625 0.21681130468749998 0.1933593734375 0.1964478125 0.2080078109375
5 0.2898803109375 0.3193359359375 0.32940944375000003 0.341796875 0.37732354687499997 0.3398437515625 0.392895625 0.3056640640625 0.4360183203125 0.2919921890625 0.4396118765625 0.2617187515625 0.3964891875 0.2128906265625 0.3677407234375 0.236328125 0.3126395078125 0.2285156265625 0.29467171875 0.2744140640625 0.3186287734375 0.2939453125 0.2898803109375 0.3193359359375
5 0.3677407234375 0.4257812484375 0.38930206875 0.4628906265625 0.43122690625000004 0.4208984375 0.43002905468749997 0.3984375015625 0.35815790625 0.3476562484375 0.2850889015625 0.3818359359375 0.3186287734375 0.3955078109375 0.3030566890625 0.4453124984375 0.348575084375 0.4453124984375 0.3677407234375 0.4257812484375
5 0.4515904046875 0.59375 0.3964891875 0.517578125 0.335398709375 0.6025390640625 0.34977293593750003 0.6552734375 0.3940934828125 0.703125 0.4479968421875 0.6435546875 0.4515904046875 0.59375
5 0.3150352125 0.9023437515625 0.2779017828125 0.7724609359375 0.23358124062500002 0.7460937515625 0.2060306359375 0.7841796875 0.20363493125 0.8486328109375 0.3006609859375 0.966796875 0.3150352125 0.9023437515625
5 0.4036763 0.859375 0.3725321328125 0.736328125 0.335398709375 0.7548828109375 0.31144165468749996 0.7939453125 0.3449815265625 0.9228515625 0.370136428125 0.953125 0.4036763 0.859375
5 0.5761670640625 0.720703125 0.49830664999999996 0.7744140640625 0.506691615625 0.8808593734375 0.5761670640625 0.720703125
5 0.4539861078125 0.859375 0.49830664999999996 0.9443359359375 0.5522100140624999 0.966796875 0.5294508171875 0.9111328109375 0.4539861078125 0.859375
5 0.6384553937499999 0.796875 0.6144983453124999 0.748046875 0.5725735078125 0.7802734375 0.5390336359375001 0.8720703125 0.5641885375 0.9296875015625 0.630070428125 0.8701171890625 0.6384553937499999 0.796875
5 0.6947544625 0.8916015625 0.7462621234375 0.892578125 0.770219171875 0.8535156265625 0.717513659375 0.8515624984375 0.6947544625 0.8916015625
5 0.5677820984374999 0.5400390640625 0.5761670640625 0.576171875 0.517472290625 0.5615234375 0.5294508171875 0.6181640640625 0.562990684375 0.6337890640625 0.5534078671875 0.6591796875 0.5809584734375 0.6757812484375 0.6133004921875 0.6708984375 0.6240811671875 0.6289062484375 0.6456425125 0.6757812484375 0.69116090625 0.6660156265625 0.6755888234375 0.6279296875 0.7055351375 0.6015624984375 0.6815780890625 0.546875 0.6707974140624999 0.5771484375 0.6516317734375 0.5751953125 0.6707974140624999 0.5302734375 0.63126828125 0.5 0.5677820984374999 0.5400390640625
5 0.6276747234375 0.4365234375 0.6432468078125 0.3710937515625 0.6240811671875 0.3339843734375 0.5510121625 0.3740234375 0.5294508171875 0.4111328109375 0.54741860625 0.46875 0.5953327046875 0.4609375015625 0.6276747234375 0.4365234375
5 0.6025198171875 0.2460937515625 0.5522100140624999 0.2617187515625 0.503098059375 0.3466796875 0.5953327046875 0.3398437515625 0.650433921875 0.2558593734375 0.6025198171875 0.2460937515625