5 0.9726562484375 0.9101610593749999 0.9306640640625 0.8634448125 0.8339843734375 0.8478727296875 0.7744140640625 0.875423340625 0.736328125 0.91974388125 0.7880859359375 0.9688558328125 0.8544921890625 0.980834359375 0.9228515625 0.966460128125 0.9726562484375 0.9101610593749999
5 0.6621093734375 0.821519975 0.5878906265625 0.91974388125 0.6064453125 0.9592730140624999 0.6669921890625 0.9568773109375 0.7226562484375 0.8981825375 0.716796875 0.8311027937500001 0.6621093734375 0.821519975
5 0.6601562484375 0.787980103125 0.6376953125 0.7484509703125 0.5878906265625 0.7328788859375 0.5537109359375 0.7436595609375 0.515625 0.797562921875 0.5195312484375 0.8382899109374999 0.5673828109375 0.8850061578125 0.6044921890625 0.8706319265625 0.6601562484375 0.787980103125
5 0.4785156265625 0.8143328578125001 0.4589843734375 0.8574555515625001 0.4648437515625 0.9053696499999999 0.4873046875 0.9520859015625 0.5322265625 0.9688558328125 0.5625 0.9293267000000001 0.4785156265625 0.8143328578125001
5 0.435546875 0.8430813203125 0.3955078109375 0.78917795625 0.296875 0.7855843984375 0.2451171890625 0.815530709375 0.2304687515625 0.8622469609375001 0.2958984375 0.8945889749999999 0.314453125 0.9532837531249999 0.3603515625 0.9784386546875 0.435546875 0.8430813203125
5 0.095703125 0.9077653546875 0.060546875 0.9580751624999999 0.07128906406249999 0.9760429500000001 0.0927734375 0.9712515375 0.11425781093750001 0.9281288468750001 0.1513671890625 0.9425030781249999 0.2070312484375 0.9125567640625001 0.11328124843750001 0.8766211921875 0.1123046875 0.8634448125 0.1376953125 0.8730276312499999 0.15625 0.8574555515625001 0.111328125 0.8263113843750001 0.126953125 0.7855843984375 0.109375 0.7712101671875 0.10546875156249999 0.71610895 0.09765624843750001 0.8047500390625 0.041015626562500004 0.8167285609375 0.095703125 0.864642665625 0.023437501562499997 0.900578240625 0.0439453125 0.9281288468750001 0.095703125 0.9077653546875
5 0.1484375015625 0.8167285609375 0.1630859359375 0.8394877640624999 0.2109375015625 0.8478727296875 0.1923828109375 0.8083435953125001 0.15625 0.7951672171874999 0.1484375015625 0.8167285609375
5 0.11718750156249999 0.7232960687500001 0.1289062484375 0.7568359359375 0.1826171890625 0.7819908421874999 0.1640624984375 0.7209003593750001 0.1308593734375 0.7065261328125 0.11718750156249999 0.7232960687500001
5 0.2080078109375 0.8035521875 0.2148437515625 0.76162735 0.1972656265625 0.74725311875 0.1933593734375 0.7831886953125 0.2080078109375 0.8035521875
5 0.3193359359375 0.7101196890625 0.341796875 0.67059055625 0.3398437515625 0.622676453125 0.3056640640625 0.607104375 0.2919921890625 0.5639816796875 0.2617187515625 0.5603881234375 0.2128906265625 0.6035108124999999 0.236328125 0.6322592765625 0.2285156265625 0.6873604921875 0.2744140640625 0.70532828125 0.2939453125 0.6813712265625 0.3193359359375 0.7101196890625
5 0.4257812484375 0.6322592765625 0.4628906265625 0.61069793125 0.4208984375 0.56877309375 0.3984375015625 0.5699709453125 0.3476562484375 0.64184209375 0.3818359359375 0.7149110984375 0.3955078109375 0.6813712265625 0.4453124984375 0.6969433109375001 0.4453124984375 0.651424915625 0.4257812484375 0.6322592765625
5 0.59375 0.5484095953125 0.517578125 0.6035108124999999 0.6025390640625 0.6646012906250001 0.6552734375 0.6502270640625001 0.703125 0.6059065171875 0.6435546875 0.5520031578125 0.59375 0.5484095953125
5 0.9023437515625 0.6849647875 0.7724609359375 0.7220982171875 0.7460937515625 0.766418759375 0.7841796875 0.7939693640625001 0.8486328109375 0.79636506875 0.966796875 0.6993390140625 0.9023437515625 0.6849647875
5 0.859375 0.5963237 0.736328125 0.6274678671875 0.7548828109375 0.6646012906250001 0.7939453125 0.6885583453125 0.9228515625 0.6550184734375 0.953125 0.629863571875 0.859375 0.5963237
5 0.720703125 0.42383293593750004 0.7744140640625 0.50169335 0.8808593734375 0.493308384375 0.720703125 0.42383293593750004
5 0.859375 0.5460138921875 0.9443359359375 0.50169335 0.966796875 0.4477899859375 0.9111328109375 0.4705491828125 0.859375 0.5460138921875
5 0.796875 0.36154460624999996 0.748046875 0.3855016546875 0.7802734375 0.4274264921875 0.8720703125 0.46096636406249997 0.9296875015625 0.43581146249999997 0.8701171890625 0.36992957187500003 0.796875 0.36154460624999996
5 0.8916015625 0.3052455375 0.892578125 0.2537378765625 0.8535156265625 0.229780828125 0.8515624984375 0.282486340625 0.8916015625 0.3052455375
5 0.5400390640625 0.4322179015625 0.576171875 0.42383293593750004 0.5615234375 0.48252770937499995 0.6181640640625 0.4705491828125 0.6337890640625 0.437009315625 0.6591796875 0.4465921328125 0.6757812484375 0.4190415265625 0.6708984375 0.3866995078125 0.6289062484375 0.3759188328125 0.6757812484375 0.3543574875 0.6660156265625 0.30883909374999996 0.6279296875 0.3244111765625 0.6015624984375 0.29446486250000004 0.546875 0.3184219109375 0.5771484375 0.32920258593749996 0.5751953125 0.3483682265625 0.5302734375 0.32920258593749996 0.5 0.36873171875 0.5400390640625 0.4322179015625
5 0.4365234375 0.3723252765625 0.3710937515625 0.3567531921875 0.3339843734375 0.3759188328125 0.3740234375 0.4489878375 0.4111328109375 0.4705491828125 0.46875 0.45258139374999995 0.4609375015625 0.4046672953125 0.4365234375 0.3723252765625
5 0.2460937515625 0.39748018281249997 0.2617187515625 0.4477899859375 0.3466796875 0.49690194062500004 0.3398437515625 0.4046672953125 0.2558593734375 0.34956607812499996 0.2460937515625 0.39748018281249997