5 0.8798828125 0.1195098703125 0.916015625 0.1378021984375 0.9355468765625 0.1158514078125 0.9394531234375 0.064632890625 0.8974609359375 0.0121948859375 0.8730468765625 0.04756005 0.869140625 0.0890226609375 0.8798828125 0.1195098703125
5 0.8125 0.167069925 0.8613281234375 0.1987766265625 0.8974609359375 0.1902402046875 0.9140625015625 0.1426801546875 0.8935546890625 0.1243878265625 0.8310546890625 0.1390216859375 0.8125 0.167069925
5 0.9238281234375 0.147558109375 0.931640625 0.16950890000000002 0.9736328125 0.1609724828125 0.984375 0.110973453125 0.9384765625 0.12194885 0.9238281234375 0.147558109375
5 0.9082031234375 0.1890207171875 0.912109375 0.2085325328125 0.9375 0.1987766265625 0.9306640640625 0.17804531875000001 0.9082031234375 0.1890207171875
5 0.7626953109375 0.18292327343749998 0.7734374984375 0.20365457656250002 0.775390625 0.113412428125 0.759765625 0.0743887953125 0.7255859359375 0.0317067015625 0.6318359359375 0.014633860937500002 0.6386718765625 0.12316833906249999 0.7158203109375 0.1902402046875 0.7626953109375 0.18292327343749998
5 0.40625 0.14511912968750001 0.4550781234375 0.2182884421875 0.5341796890625 0.18292327343749998 0.587890625 0.13048526875 0.587890625 0.08170573125 0.5556640640625 0.014633860937500002 0.5107421875 0.0512185171875 0.4970703109375 0.0317067015625 0.431640625 0.020731303125 0.4414062515625 0.1158514078125 0.40625 0.14511912968750001
5 0.3037109359375 0.0317067015625 0.3105468765625 0.106095496875 0.3261718765625 0.106095496875 0.3300781234375 0.0792667515625 0.3037109359375 0.0317067015625
5 0.2636718765625 0.0792667515625 0.2792968765625 0.10853447812499999 0.2988281234375 0.0890226609375 0.2685546890625 0.0317067015625 0.2636718765625 0.0792667515625
5 0.2070312515625 0.0914616375 0.2382812515625 0.12804629375 0.2695312515625 0.1158514078125 0.2470703109375 0.0878031734375 0.2070312515625 0.0914616375
5 0.2617187484375 0.14999708437499998 0.2636718765625 0.20365457656250002 0.2929687484375 0.1548750390625 0.2861328125 0.1243878265625 0.2617187484375 0.14999708437499998
5 0.306640625 0.1353632234375 0.3105468765625 0.20365457656250002 0.333984375 0.157314015625 0.3251953109375 0.1243878265625 0.306640625 0.1353632234375
5 0.3417968765625 0.13292424375 0.3515625015625 0.186581740625 0.3583984375 0.1243878265625 0.3417968765625 0.13292424375
5 0.3417968765625 0.08658368125 0.3515625015625 0.10853447812499999 0.3671874984375 0.0963395921875 0.3564453109375 0.0439015875 0.3417968765625 0.08658368125
5 0.0302734375 0.12194885 0.125 0.1621919703125 0.1865234375 0.1609724828125 0.1875 0.12804629375 0.1044921875 0.08536419375 0.009765625 0.0695108453125 0.0302734375 0.12194885
5 0.6630859359375 0.409748134375 0.724609375 0.4182845515625 0.7578125015625 0.371943990625 0.7451171875 0.304872125 0.7294921875 0.321944965625 0.6962890640625 0.29999416874999996 0.6904296890625 0.326822915625 0.6669921875 0.317067009375 0.609375 0.3768219453125 0.6630859359375 0.409748134375
5 0.849609375 0.40608966718749995 0.900390625 0.457308184375 0.9384765625 0.4438938109375 0.9501953109375 0.3975532484375 0.9921874984375 0.4426743234375 0.958984375 0.38657785 0.974609375 0.3353593390625 0.9667968765625 0.289018771875 0.8994140640625 0.2609705375 0.8173828125 0.2877992828125 0.849609375 0.40608966718749995
5 0.458984375 0.3792609203125 0.509765625 0.42072353281249997 0.5449218765625 0.40608966718749995 0.541015625 0.3353593390625 0.4970703109375 0.29755519375 0.4404296890625 0.29755519375 0.458984375 0.3792609203125
5 0.2304687484375 0.40365069218749994 0.2675781234375 0.43779636875000005 0.3212890640625 0.42194302031250003 0.3828125015625 0.30365263750000004 0.2919921875 0.2877992828125 0.2490234375 0.3121890546875 0.2304687484375 0.40365069218749994
5 0.043945310937499996 0.3560906421875 0.009765625 0.4158455765625 0.12207031093750001 0.373163478125 0.1582031234375 0.3377983140625 0.1298828125 0.319505984375 0.0771484375 0.3341398453125 0.043945310937499996 0.3560906421875
5 0.8447265625 0.626817084375 0.8730468765625 0.6353535078125 0.90625 0.6329145281249999 0.8623046890625 0.580476521875 0.8125 0.579257034375 0.8447265625 0.626817084375
5 0.9082031234375 0.55974521875 0.9179687484375 0.6377924828125 0.9414062515625 0.5914519203124999 0.9306640640625 0.5097461890625 0.9082031234375 0.55974521875
5 0.8720703109375 0.660962765625 0.8476562515625 0.718278721875 0.9013671875 0.6877915125 0.916015625 0.64754839375 0.8720703109375 0.660962765625
5 0.916015625 0.6792550890625 0.9140625015625 0.718278721875 0.9394531234375 0.691449975 0.9404296890625 0.663401740625 0.916015625 0.6792550890625
5 0.9179687484375 0.671938159375 0.9140625015625 0.718278721875 0.9794921875 0.621939134375 0.9179687484375 0.671938159375
5 0.859375 0.6743771390625 0.8476562515625 0.718278721875 0.9140625015625 0.669499184375 0.9414062515625 0.5938908953125 0.9306640640625 0.5121851687500001 0.9082031234375 0.55730624375 0.9111328125 0.6292560640625 0.8583984375 0.578037546875 0.8144531234375 0.579257034375 0.8466796890625 0.6292560640625 0.9082031234375 0.6402314578125 0.859375 0.6743771390625
5 0.5009765625 0.6853525328125001 0.5332031234375 0.7085228156250001 0.5800781234375 0.64998736875 0.5585937484375 0.6304755515625 0.568359375 0.55730624375 0.5283203109375 0.5658426609375 0.5273437484375 0.532916471875 0.4970703109375 0.5073072140625 0.474609375 0.532916471875 0.4716796890625 0.5682816374999999 0.4296874984375 0.5499893140625 0.4375 0.623158621875 0.4199218765625 0.6426704375 0.4345703109375 0.6755966265625 0.453125 0.6792550890625 0.4541015625 0.7048643484375 0.5009765625 0.6853525328125001
5 0.6367187484375 0.623158621875 0.6738281234375 0.664621228125 0.7851562515625 0.6402314578125 0.7412109359375 0.580476521875 0.6728515625 0.5536477765625001 0.6445312515625 0.579257034375 0.6367187484375 0.623158621875
5 0.228515625 0.6963279296875 0.2519531234375 0.7036448609375 0.2919921875 0.6414509500000001 0.2978515625 0.6877915125 0.3710937484375 0.6182806671875001 0.3544921875 0.5902324328125 0.3212890640625 0.582915503125 0.3037109359375 0.5438918703125 0.2900390640625 0.585354478125 0.2392578125 0.5292580046875 0.21875 0.540233403125 0.2382812515625 0.5890129453124999 0.2099609359375 0.587793453125 0.203125 0.6207196421875001 0.2119140640625 0.65120685625 0.2460937484375 0.64998736875 0.228515625 0.6963279296875
5 0.015625 0.6792550890625 0.03125 0.715839746875 0.10253906406249999 0.6951084421875 0.1513671875 0.717059234375 0.181640625 0.69876690625 0.1875 0.669499184375 0.1484374984375 0.6085247609375 0.1542968765625 0.5499893140625 0.1416015625 0.531696984375 0.10644531093750001 0.5731595921875 0.0615234375 0.521941075 0.023437498437500003 0.537794428125 0.017578123437500003 0.5719401046875 0.039062501562500004 0.6182806671875001 0.019531251562499997 0.6377924828125 0.015625 0.6792550890625
5 0.015625 0.8670563187500001 0.078125 0.920713815625 0.1484374984375 0.884129159375 0.162109375 0.845105528125 0.1376953109375 0.8121793390625 0.0732421875 0.795106496875 0.037109375 0.8133988265625 0.015625 0.8670563187500001
5 0.2822265625 0.8804706921875001 0.375 0.8914460890625 0.2744140640625 0.836569109375 0.2167968765625 0.8499834828124999 0.2822265625 0.8804706921875001
5 0.47261405625 0.9309244484375 0.5644531234375 0.9451035828125001 0.578125 0.7841311046875 0.5654296890625 0.7682777515625 0.4638671875 0.7633997953125 0.462890625 0.7841311046875 0.4257812515625 0.81827678125 0.4221576890625 0.8977763937500001 0.47261405625 0.9309244484375
5 0.8544921875 0.9121773937500001 0.8476562515625 0.932908696875 0.8974609359375 0.9072994421875 0.9501953109375 0.9341281890625 0.9375 0.9085189296875 0.9765625015625 0.8865681343749999 0.9414062515625 0.8694952984375 0.978515625 0.793887009375 0.9150390640625 0.836569109375 0.8945312515625 0.77925315 0.8740234375 0.7682777515625 0.8701171875 0.841447059375 0.822265625 0.8255937109374999 0.859375 0.8792512046875001 0.8125 0.8987630203125001 0.8544921875 0.9121773937500001
5 0.6494140640625 0.9341281890625 0.7148437484375 0.9499815375 0.7607421875 0.9365671640625 0.7792968765625 0.884129159375 0.7382812515625 0.8719342734375 0.7539062515625 0.793887009375 0.7021484375 0.8024234281249999 0.6611328125 0.7707167265625 0.6601562515625 0.8524224578125 0.6171874984375 0.8499834828124999 0.619140625 0.9036409750000001 0.6494140640625 0.9341281890625