5 0.1201171875 0.1195098703125 0.130859375 0.0890226609375 0.1269531234375 0.04756005 0.10253906406249999 0.0121948859375 0.0605468765625 0.064632890625 0.06445312343750001 0.1158514078125 0.083984375 0.1378021984375 0.1201171875 0.1195098703125
5 0.1689453109375 0.1390216859375 0.10644531093750001 0.1243878265625 0.08593749843750001 0.1426801546875 0.10253906406249999 0.1902402046875 0.1386718765625 0.1987766265625 0.1875 0.167069925 0.1689453109375 0.1390216859375
5 0.015625 0.110973453125 0.0263671875 0.1609724828125 0.068359375 0.16950890000000002 0.07617187656249999 0.147558109375 0.0615234375 0.12194885 0.015625 0.110973453125
5 0.087890625 0.2085325328125 0.09179687656249999 0.1890207171875 0.06933593593750001 0.17804531875000001 0.0625 0.1987766265625 0.087890625 0.2085325328125
5 0.2265625015625 0.20365457656250002 0.2373046890625 0.18292327343749998 0.2841796890625 0.1902402046875 0.3613281234375 0.12316833906249999 0.3681640640625 0.014633860937500002 0.2744140640625 0.0317067015625 0.240234375 0.0743887953125 0.224609375 0.113412428125 0.2265625015625 0.20365457656250002
5 0.412109375 0.13048526875 0.4658203109375 0.18292327343749998 0.5449218765625 0.2182884421875 0.59375 0.14511912968750001 0.5585937484375 0.1158514078125 0.568359375 0.020731303125 0.5029296890625 0.0317067015625 0.4892578125 0.0512185171875 0.4443359359375 0.014633860937500002 0.412109375 0.08170573125 0.412109375 0.13048526875
5 0.6894531234375 0.106095496875 0.6962890640625 0.0317067015625 0.6699218765625 0.0792667515625 0.6738281234375 0.106095496875 0.6894531234375 0.106095496875
5 0.7207031234375 0.10853447812499999 0.7363281234375 0.0792667515625 0.7314453109375 0.0317067015625 0.7011718765625 0.0890226609375 0.7207031234375 0.10853447812499999
5 0.7617187484375 0.12804629375 0.7929687484375 0.0914616375 0.7529296890625 0.0878031734375 0.7304687484375 0.1158514078125 0.7617187484375 0.12804629375
5 0.7363281234375 0.20365457656250002 0.7382812515625 0.14999708437499998 0.7138671875 0.1243878265625 0.7070312515625 0.1548750390625 0.7363281234375 0.20365457656250002
5 0.6894531234375 0.20365457656250002 0.693359375 0.1353632234375 0.6748046890625 0.1243878265625 0.666015625 0.157314015625 0.6894531234375 0.20365457656250002
5 0.6416015625 0.1243878265625 0.6484374984375 0.186581740625 0.6582031234375 0.13292424375 0.6416015625 0.1243878265625
5 0.6484374984375 0.10853447812499999 0.6582031234375 0.08658368125 0.6435546890625 0.0439015875 0.6328125015625 0.0963395921875 0.6484374984375 0.10853447812499999
5 0.990234375 0.0695108453125 0.8955078125 0.08536419375 0.8125 0.12804629375 0.8134765625 0.1609724828125 0.875 0.1621919703125 0.9697265625 0.12194885 0.990234375 0.0695108453125
5 0.2421874984375 0.371943990625 0.275390625 0.4182845515625 0.3369140640625 0.409748134375 0.390625 0.3768219453125 0.3330078125 0.317067009375 0.3095703109375 0.326822915625 0.3037109359375 0.29999416874999996 0.2705078125 0.321944965625 0.2548828125 0.304872125 0.2421874984375 0.371943990625
5 0.049804689062500004 0.3975532484375 0.0615234375 0.4438938109375 0.099609375 0.457308184375 0.150390625 0.40608966718749995 0.1826171875 0.2877992828125 0.10058593593750001 0.2609705375 0.033203123437499996 0.289018771875 0.025390625 0.3353593390625 0.041015625 0.38657785 0.007812501562500001 0.4426743234375 0.049804689062500004 0.3975532484375
5 0.5595703109375 0.29755519375 0.5029296890625 0.29755519375 0.458984375 0.3353593390625 0.4550781234375 0.40608966718749995 0.490234375 0.42072353281249997 0.541015625 0.3792609203125 0.5595703109375 0.29755519375
5 0.7509765625 0.3121890546875 0.7080078125 0.2877992828125 0.6171874984375 0.30365263750000004 0.6787109359375 0.42194302031250003 0.7324218765625 0.43779636875000005 0.7695312515625 0.40365069218749994 0.7509765625 0.3121890546875
5 0.9228515625 0.3341398453125 0.8701171875 0.319505984375 0.8417968765625 0.3377983140625 0.8779296890625 0.373163478125 0.990234375 0.4158455765625 0.9560546890625 0.3560906421875 0.9228515625 0.3341398453125
5 0.1376953109375 0.580476521875 0.09375 0.6329145281249999 0.1269531234375 0.6353535078125 0.1552734375 0.626817084375 0.1875 0.579257034375 0.1376953109375 0.580476521875
5 0.08203125156249999 0.6377924828125 0.09179687656249999 0.55974521875 0.06933593593750001 0.5097461890625 0.0585937484375 0.5914519203124999 0.08203125156249999 0.6377924828125
5 0.1523437484375 0.718278721875 0.1279296890625 0.660962765625 0.083984375 0.64754839375 0.0986328125 0.6877915125 0.1523437484375 0.718278721875
5 0.08593749843750001 0.718278721875 0.083984375 0.6792550890625 0.0595703109375 0.663401740625 0.0605468765625 0.691449975 0.08593749843750001 0.718278721875
5 0.0205078125 0.621939134375 0.08593749843750001 0.718278721875 0.08203125156249999 0.671938159375 0.0205078125 0.621939134375
5 0.06933593593750001 0.5121851687500001 0.0585937484375 0.5938908953125 0.08593749843750001 0.669499184375 0.1523437484375 0.718278721875 0.140625 0.6743771390625 0.09179687656249999 0.6402314578125 0.1533203109375 0.6292560640625 0.1855468765625 0.579257034375 0.1416015625 0.578037546875 0.0888671875 0.6292560640625 0.09179687656249999 0.55730624375 0.06933593593750001 0.5121851687500001
5 0.5283203109375 0.5682816374999999 0.525390625 0.532916471875 0.5029296890625 0.5073072140625 0.4726562515625 0.532916471875 0.4716796890625 0.5658426609375 0.431640625 0.55730624375 0.4414062515625 0.6304755515625 0.4199218765625 0.64998736875 0.4667968765625 0.7085228156250001 0.4990234375 0.6853525328125001 0.5458984375 0.7048643484375 0.546875 0.6792550890625 0.5654296890625 0.6755966265625 0.5800781234375 0.6426704375 0.5625 0.623158621875 0.5703125015625 0.5499893140625 0.5283203109375 0.5682816374999999
5 0.3554687484375 0.579257034375 0.3271484375 0.5536477765625001 0.2587890640625 0.580476521875 0.2148437484375 0.6402314578125 0.3261718765625 0.664621228125 0.3632812515625 0.623158621875 0.3554687484375 0.579257034375
5 0.7607421875 0.5292580046875 0.7099609359375 0.585354478125 0.6962890640625 0.5438918703125 0.6787109359375 0.582915503125 0.6455078125 0.5902324328125 0.6289062515625 0.6182806671875001 0.7021484375 0.6877915125 0.7080078125 0.6414509500000001 0.7480468765625 0.7036448609375 0.771484375 0.6963279296875 0.7539062515625 0.64998736875 0.7880859359375 0.65120685625 0.796875 0.6207196421875001 0.7900390640625 0.587793453125 0.7617187484375 0.5890129453124999 0.78125 0.540233403125 0.7607421875 0.5292580046875
5 0.8583984375 0.531696984375 0.8457031234375 0.5499893140625 0.8515625015625 0.6085247609375 0.8125 0.669499184375 0.818359375 0.69876690625 0.8486328125 0.717059234375 0.8974609359375 0.6951084421875 0.96875 0.715839746875 0.984375 0.6792550890625 0.9804687484375 0.6377924828125 0.9609374984375 0.6182806671875001 0.9824218765625 0.5719401046875 0.9765625015625 0.537794428125 0.9384765625 0.521941075 0.8935546890625 0.5731595921875 0.8583984375 0.531696984375
5 0.984375 0.8670563187500001 0.962890625 0.8133988265625 0.9267578125 0.795106496875 0.8623046890625 0.8121793390625 0.837890625 0.845105528125 0.8515625015625 0.884129159375 0.921875 0.920713815625 0.984375 0.8670563187500001
5 0.625 0.8914460890625 0.7177734375 0.8804706921875001 0.7832031234375 0.8499834828124999 0.7255859359375 0.836569109375 0.625 0.8914460890625
5 0.4355468765625 0.9451035828125001 0.5273859437499999 0.9309244484375 0.5778423109374999 0.8977763937500001 0.5742187484375 0.81827678125 0.537109375 0.7841311046875 0.5361328125 0.7633997953125 0.4345703109375 0.7682777515625 0.421875 0.7841311046875 0.4355468765625 0.9451035828125001
5 0.08496093593750001 0.836569109375 0.021484375 0.793887009375 0.0585937484375 0.8694952984375 0.023437498437500003 0.8865681343749999 0.0625 0.9085189296875 0.049804689062500004 0.9341281890625 0.10253906406249999 0.9072994421875 0.1523437484375 0.932908696875 0.1455078125 0.9121773937500001 0.1875 0.8987630203125001 0.140625 0.8792512046875001 0.177734375 0.8255937109374999 0.1298828125 0.841447059375 0.1259765625 0.7682777515625 0.10546874843750001 0.77925315 0.08496093593750001 0.836569109375
5 0.2617187484375 0.8719342734375 0.2207031234375 0.884129159375 0.2392578125 0.9365671640625 0.2851562515625 0.9499815375 0.3505859359375 0.9341281890625 0.380859375 0.9036409750000001 0.3828125015625 0.8499834828124999 0.3398437484375 0.8524224578125 0.3388671875 0.7707167265625 0.2978515625 0.8024234281249999 0.2460937484375 0.793887009375 0.2617187484375 0.8719342734375