5 0.736328125 0.84292124375 0.7412109375 0.8789484812499999 0.7685546890625 0.8847128375000001 0.8134765640625 0.8299514374999999 0.8164062484375 0.9063291781249999 0.8486328125 0.95100295625 0.888671875 0.9034470000000001 0.8896484359375 0.8270692546875 0.9423828125 0.864537584375 0.9589843734375 0.8486855999999999 0.9609375015625 0.7881598375000001 0.935546875 0.7478093343750001 0.9472656265625 0.7189875406249999 0.9169921875 0.682960303125 0.8515624984375 0.6930479296875001 0.84375 0.603700378125 0.8447265640625 0.6973712 0.7939453109375 0.682960303125 0.7382812484375 0.72763408125 0.7617187515625 0.7506915140625 0.736328125 0.7939242 0.736328125 0.84292124375
5 0.6523437515625 0.8544499562500001 0.6601562484375 0.779513303125 0.6210937515625 0.7103410046875 0.6054687515625 0.5892894859375 0.6152343734375 0.7074588265624999 0.576171875 0.7478093343750001 0.5703124984375 0.796806378125 0.591796875 0.8832717453125 0.6201171875 0.9077702703125 0.6523437515625 0.8544499562500001
5 0.3339843734375 0.7218697187500001 0.3779296890625 0.8472445078125 0.4257812484375 0.7506915140625 0.421875 0.7218697187500001 0.3789062484375 0.672872675 0.3339843734375 0.7218697187500001
5 0.169921875 0.713223184375 0.1445312484375 0.6844013953125 0.09960937343750001 0.7651024046875 0.10351562656249999 0.8458034218750001 0.1318359375 0.89624155625 0.1660156265625 0.8573321343750001 0.1816406265625 0.78239548125 0.169921875 0.713223184375
5 0.1708984359375 0.3716849671875 0.1933593734375 0.315482475 0.1640624984375 0.226134925 0.1367187515625 0.19443095625 0.1367187515625 0.13102301562500002 0.1308593734375 0.19154877343750001 0.10156249843750001 0.21748838906249998 0.076171875 0.283778503125 0.08398437343750001 0.3529508 0.1162109375 0.386095859375 0.1708984359375 0.3716849671875
5 0.4033203109375 0.3601562484375 0.4257812484375 0.306835934375 0.4140624984375 0.234781459375 0.375 0.18866659531250002 0.3710937515625 0.1483160921875 0.3691406265625 0.19154877343750001 0.3398437515625 0.21748838906249998 0.3125 0.280896325 0.3242187515625 0.344304265625 0.3642578125 0.39186022187499997 0.4033203109375 0.3601562484375
5 0.611328125 0.315482475 0.6083984359375 0.2881017734375 0.5683593734375 0.289542865625 0.548828125 0.312600296875 0.611328125 0.315482475
5 0.6796875015625 0.370243875 0.6611328125 0.342863178125 0.623046875 0.33565772968749996 0.6318359375 0.3716849671875 0.6796875015625 0.370243875
5 0.671875 0.42500528125 0.6533203109375 0.38897804375 0.6171875015625 0.3760082328125 0.6240234359375 0.4120354703125 0.671875 0.42500528125
5 0.6005859375 0.4091532921875 0.607421875 0.3760082328125 0.5898437515625 0.3760082328125 0.546875 0.42212309687499994 0.6005859375 0.4091532921875
5 0.5986328125 0.2419869078125 0.611328125 0.226134925 0.580078125 0.2088418484375 0.560546875 0.22901710312499998 0.5986328125 0.2419869078125
5 0.6259765640625 0.276573059375 0.6757812484375 0.26648543281250003 0.640625 0.24342800000000003 0.6191406265625 0.2549567140625 0.6259765640625 0.276573059375
5 0.5507812484375 0.26072107031249997 0.5791015640625 0.2794552375 0.6025390625 0.2794552375 0.6132812484375 0.2578388921875 0.564453125 0.24342800000000003 0.5507812484375 0.26072107031249997
5 0.6181640625 0.22469383281250002 0.6484375015625 0.20307749218749999 0.640625 0.17713788125000002 0.6152343734375 0.20307749218749999 0.6181640625 0.22469383281250002
5 0.6210937515625 0.30395375625 0.6337890625 0.325570103125 0.6816406265625 0.31836465468749997 0.6650390625 0.2938661296875 0.6289062484375 0.289542865625 0.6210937515625 0.30395375625
5 0.5966796890625 0.36880278906249997 0.611328125 0.3385399078125 0.59375 0.3298933671875 0.544921875 0.3587151625 0.5966796890625 0.36880278906249997
5 0.5664062484375 0.4480627140625 0.5654296890625 0.47544341093750003 0.5976562484375 0.45382707031249997 0.609375 0.42788745937500006 0.5976562484375 0.41059438437500007 0.5664062484375 0.4480627140625
5 0.9003906265625 0.344304265625 0.904296875 0.2981894 0.8945312484375 0.22901710312499998 0.8535156265625 0.180020059375 0.8496093734375 0.1511982703125 0.8496093734375 0.180020059375 0.810546875 0.2578388921875 0.8066406265625 0.31836465468749997 0.8203124984375 0.37889041562500003 0.8564453109375 0.4177998328125 0.9003906265625 0.344304265625