5 0.2382812484375 0.24930848593750002 0.263671875 0.20607579999999998 0.263671875 0.15707875625 0.2587890625 0.12105151875 0.2314453109375 0.1152871625 0.1865234359375 0.1700485625 0.1835937515625 0.093670821875 0.1513671875 0.048997043750000004 0.111328125 0.096553 0.11035156406249999 0.1729307453125 0.0576171875 0.135462415625 0.041015626562500004 0.15131440000000002 0.039062498437499996 0.2118401625 0.064453125 0.25219066562500003 0.0527343734375 0.28101245937499997 0.0830078125 0.317039696875 0.1484375015625 0.3069520703125 0.15625 0.396299621875 0.1552734359375 0.30262880000000003 0.2060546890625 0.317039696875 0.2617187515625 0.27236591875 0.2382812484375 0.24930848593750002
5 0.408203125 0.1167282546875 0.3798828125 0.0922297296875 0.3476562484375 0.14555004375 0.3398437515625 0.22048669687500003 0.3789062484375 0.2896589953125 0.3945312484375 0.41071051406250003 0.3847656265625 0.29254117343749997 0.423828125 0.25219066562500003 0.4296875015625 0.20319362187499998 0.408203125 0.1167282546875
5 0.578125 0.27813028125 0.6210937515625 0.327127325 0.6660156265625 0.27813028125 0.6220703109375 0.1527554921875 0.5742187515625 0.24930848593750002 0.578125 0.27813028125
5 0.8339843734375 0.142667865625 0.8183593734375 0.21760451875000003 0.830078125 0.286776815625 0.8554687515625 0.3155986046875 0.9003906265625 0.2348975953125 0.8964843734375 0.154196578125 0.8681640625 0.10375844375000001 0.8339843734375 0.142667865625
5 0.9160156265625 0.6470492 0.8837890625 0.613904140625 0.8291015640625 0.6283150328125 0.8066406265625 0.684517525 0.8359375015625 0.773865075 0.8632812484375 0.8055690437499999 0.8632812484375 0.8689769843749999 0.8691406265625 0.8084512265624999 0.8984375015625 0.7825116109375 0.923828125 0.716221496875 0.9160156265625 0.6470492
5 0.6757812484375 0.655695734375 0.6357421875 0.608139778125 0.5966796890625 0.6398437515625 0.5742187515625 0.693164065625 0.5859375015625 0.765218540625 0.625 0.8113334046875 0.6289062484375 0.8516839078125 0.6308593734375 0.8084512265624999 0.6601562484375 0.7825116109375 0.6875 0.719103675 0.6757812484375 0.655695734375
5 0.4316406265625 0.710457134375 0.451171875 0.687399703125 0.388671875 0.684517525 0.3916015640625 0.7118982265625 0.4316406265625 0.710457134375
5 0.376953125 0.6643422703125 0.3681640625 0.6283150328125 0.3203124984375 0.629756125 0.3388671875 0.657136821875 0.376953125 0.6643422703125
5 0.3828124984375 0.6239917671875 0.3759765640625 0.5879645296875 0.328125 0.57499471875 0.3466796890625 0.61102195625 0.3828124984375 0.6239917671875
5 0.4101562484375 0.6239917671875 0.453125 0.5778769031250001 0.3994140625 0.5908467078124999 0.392578125 0.6239917671875 0.4101562484375 0.6239917671875
5 0.419921875 0.7911581515624999 0.439453125 0.770982896875 0.4013671875 0.7580130921875 0.388671875 0.773865075 0.419921875 0.7911581515624999
5 0.359375 0.756572 0.3808593734375 0.7450432859375 0.3740234359375 0.723426940625 0.3242187515625 0.7335145671875 0.359375 0.756572
5 0.3867187515625 0.7421611078125 0.435546875 0.756572 0.4492187515625 0.7392789296875 0.4208984359375 0.7205447625 0.3974609375 0.7205447625 0.3867187515625 0.7421611078125
5 0.359375 0.82286211875 0.3847656265625 0.7969225078125 0.3818359375 0.7753061671875 0.3515624984375 0.7969225078125 0.359375 0.82286211875
5 0.3349609375 0.7061338703125 0.3710937515625 0.710457134375 0.3789062484375 0.69604624375 0.3662109375 0.674429896875 0.3183593734375 0.6816353453125 0.3349609375 0.7061338703125
5 0.40625 0.6701066328125 0.455078125 0.6412848375 0.4033203109375 0.6311972109374999 0.388671875 0.6614600921875 0.40625 0.6701066328125
5 0.390625 0.5721125406249999 0.4023437515625 0.5894056156249999 0.4335937515625 0.5519372859375 0.4345703109375 0.5245565890624999 0.4023437515625 0.5461729296875 0.390625 0.5721125406249999
5 0.1796875015625 0.621109584375 0.1435546890625 0.5822001671875 0.09960937343750001 0.655695734375 0.095703125 0.7018106000000001 0.10546875156249999 0.770982896875 0.1464843734375 0.8199799406249999 0.1503906265625 0.8488017296875 0.1503906265625 0.8199799406249999 0.189453125 0.7421611078125 0.1933593734375 0.6816353453125 0.1796875015625 0.621109584375