5 0.1552734359375 0.6973712 0.15625 0.603700378125 0.1484375015625 0.6930479296875001 0.0830078125 0.682960303125 0.0527343734375 0.7189875406249999 0.064453125 0.7478093343750001 0.039062498437499996 0.7881598375000001 0.041015626562500004 0.8486855999999999 0.0576171875 0.864537584375 0.11035156406249999 0.8270692546875 0.111328125 0.9034470000000001 0.1513671875 0.95100295625 0.1835937515625 0.9063291781249999 0.1865234359375 0.8299514374999999 0.2314453109375 0.8847128375000001 0.2587890625 0.8789484812499999 0.263671875 0.84292124375 0.263671875 0.7939242 0.2382812484375 0.7506915140625 0.2617187515625 0.72763408125 0.2060546890625 0.682960303125 0.1552734359375 0.6973712
5 0.3847656265625 0.7074588265624999 0.3945312484375 0.5892894859375 0.3789062484375 0.7103410046875 0.3398437515625 0.779513303125 0.3476562484375 0.8544499562500001 0.3798828125 0.9077702703125 0.408203125 0.8832717453125 0.4296875015625 0.796806378125 0.423828125 0.7478093343750001 0.3847656265625 0.7074588265624999
5 0.6660156265625 0.7218697187500001 0.6210937515625 0.672872675 0.578125 0.7218697187500001 0.5742187515625 0.7506915140625 0.6220703109375 0.8472445078125 0.6660156265625 0.7218697187500001
5 0.9003906265625 0.7651024046875 0.8554687515625 0.6844013953125 0.830078125 0.713223184375 0.8183593734375 0.78239548125 0.8339843734375 0.8573321343750001 0.8681640625 0.89624155625 0.8964843734375 0.8458034218750001 0.9003906265625 0.7651024046875
5 0.8691406265625 0.19154877343750001 0.8632812484375 0.13102301562500002 0.8632812484375 0.19443095625 0.8359375015625 0.226134925 0.8066406265625 0.315482475 0.8291015640625 0.3716849671875 0.8837890625 0.386095859375 0.9160156265625 0.3529508 0.923828125 0.283778503125 0.8984375015625 0.21748838906249998 0.8691406265625 0.19154877343750001
5 0.6308593734375 0.19154877343750001 0.6289062484375 0.1483160921875 0.625 0.18866659531250002 0.5859375015625 0.234781459375 0.5742187515625 0.306835934375 0.5966796890625 0.3601562484375 0.6357421875 0.39186022187499997 0.6757812484375 0.344304265625 0.6875 0.280896325 0.6601562484375 0.21748838906249998 0.6308593734375 0.19154877343750001
5 0.451171875 0.312600296875 0.4316406265625 0.289542865625 0.3916015640625 0.2881017734375 0.388671875 0.315482475 0.451171875 0.312600296875
5 0.3681640625 0.3716849671875 0.376953125 0.33565772968749996 0.3388671875 0.342863178125 0.3203124984375 0.370243875 0.3681640625 0.3716849671875
5 0.3759765640625 0.4120354703125 0.3828124984375 0.3760082328125 0.3466796890625 0.38897804375 0.328125 0.42500528125 0.3759765640625 0.4120354703125
5 0.453125 0.42212309687499994 0.4101562484375 0.3760082328125 0.392578125 0.3760082328125 0.3994140625 0.4091532921875 0.453125 0.42212309687499994
5 0.439453125 0.22901710312499998 0.419921875 0.2088418484375 0.388671875 0.226134925 0.4013671875 0.2419869078125 0.439453125 0.22901710312499998
5 0.3808593734375 0.2549567140625 0.359375 0.24342800000000003 0.3242187515625 0.26648543281250003 0.3740234359375 0.276573059375 0.3808593734375 0.2549567140625
5 0.4492187515625 0.26072107031249997 0.435546875 0.24342800000000003 0.3867187515625 0.2578388921875 0.3974609375 0.2794552375 0.4208984359375 0.2794552375 0.4492187515625 0.26072107031249997
5 0.3847656265625 0.20307749218749999 0.359375 0.17713788125000002 0.3515624984375 0.20307749218749999 0.3818359375 0.22469383281250002 0.3847656265625 0.20307749218749999
5 0.3789062484375 0.30395375625 0.3710937515625 0.289542865625 0.3349609375 0.2938661296875 0.3183593734375 0.31836465468749997 0.3662109375 0.325570103125 0.3789062484375 0.30395375625
5 0.455078125 0.3587151625 0.40625 0.3298933671875 0.388671875 0.3385399078125 0.4033203109375 0.36880278906249997 0.455078125 0.3587151625
5 0.4335937515625 0.4480627140625 0.4023437515625 0.41059438437500007 0.390625 0.42788745937500006 0.4023437515625 0.45382707031249997 0.4345703109375 0.47544341093750003 0.4335937515625 0.4480627140625
5 0.1503906265625 0.180020059375 0.1503906265625 0.1511982703125 0.1464843734375 0.180020059375 0.10546875156249999 0.22901710312499998 0.095703125 0.2981894 0.09960937343750001 0.344304265625 0.1435546890625 0.4177998328125 0.1796875015625 0.37889041562500003 0.1933593734375 0.31836465468749997 0.189453125 0.2578388921875 0.1503906265625 0.180020059375