5 0.1376953140625 0.0190886703125 0.07324218593750001 0.03579125625 0.029296875 0.0847059703125 0.06933593593750001 0.1360067734375 0.16796875 0.151516315625 0.2255859359375 0.1240763546875 0.26171875 0.07754772343750001 0.2099609359375 0.031019089062499998 0.1376953140625 0.0190886703125
5 0.3349609359375 0.042949507812499996 0.279296875 0.09663639375000001 0.283203125 0.16821890625 0.326171875 0.1801493203125 0.3505859359375 0.16941194531249998 0.412109375 0.07754772343750001 0.3935546859375 0.0405634234375 0.3349609359375 0.042949507812499996
5 0.4033203140625 0.12169027031249999 0.33984375 0.2111684140625 0.3662109359375 0.25292487656249996 0.423828125 0.26366225625 0.484375 0.201624078125 0.48046875 0.16106065 0.4345703140625 0.11453202031250001 0.4033203140625 0.12169027031249999
5 0.4677734359375 0.031019089062499998 0.435546875 0.0680033890625 0.521484375 0.18492148749999998 0.5390625 0.15628848281250002 0.537109375 0.09902247343750001 0.5126953140625 0.047721675000000005 0.4677734359375 0.031019089062499998
5 0.1513671859375 0.20281711875 0.033203125 0.2994535078125 0.1015625 0.313770009375 0.2333984359375 0.27439963125 0.25390625 0.23025708437499998 0.2236328140625 0.2075892859375 0.1513671859375 0.20281711875
5 0.1767578140625 0.3101908859375 0.046875 0.368649940625 0.15234375 0.4020551140625 0.2607421859375 0.3746151484375 0.26171875 0.35910560625 0.2236328140625 0.3173491375 0.1767578140625 0.3101908859375
5 0.3408203140625 0.3507543109375 0.296875 0.3948968578125 0.3388671859375 0.436653325 0.400390625 0.4497767875 0.4482421859375 0.43188115781249997 0.482421875 0.3948968578125 0.4013671859375 0.3364378078125 0.3408203140625 0.3507543109375
5 0.02734375 0.54283405 0.05078125 0.5499923046874999 0.10253906406249999 0.5130080046875001 0.13671875 0.45454895625 0.0556640640625 0.49630541875 0.02734375 0.54283405
5 0.2216796859375 0.493919334375 0.119140625 0.5046567093750001 0.275390625 0.5666948859375001 0.2216796859375 0.493919334375
5 0.072265625 0.559536640625 0.11621093593750001 0.6203817734375 0.18359375 0.6382773984375001 0.251953125 0.607258315625 0.1591796859375 0.5416410093749999 0.10253906406249999 0.5392549265625 0.072265625 0.559536640625
5 0.146484375 0.7671259218750001 0.150390625 0.719404246875 0.11035156406249999 0.6895782015624999 0.107421875 0.743265084375 0.146484375 0.7671259218750001
5 0.201171875 0.762353753125 0.212890625 0.7074738328125 0.1787109359375 0.6895782015624999 0.16796875 0.738492915625 0.201171875 0.762353753125
5 0.2080078140625 0.8470597296875001 0.2265625 0.8458666890625001 0.244140625 0.7981450140625 0.2197265640625 0.7778633 0.197265625 0.8196197640625 0.2080078140625 0.8470597296875001
5 0.173828125 0.8649553593749999 0.193359375 0.8053032609375 0.1611328140625 0.78263546875 0.14453125 0.833936265625 0.173828125 0.8649553593749999
5 0.09375 0.8697275265625001 0.126953125 0.8315501875000001 0.12207031406249999 0.78979371875 0.083984375 0.8196197640625 0.09375 0.8697275265625001
5 0.080078125 0.8005310937499999 0.103515625 0.7814424234375 0.09277343593750001 0.756388546875 0.033203125 0.7742841765625 0.080078125 0.8005310937499999
5 0.4658203140625 0.67048953125 0.5 0.6287330640625 0.4599609359375 0.5655018468749999 0.423828125 0.576239221875 0.4404296859375 0.5153940890625 0.3818359359375 0.5273245078125 0.3642578140625 0.5631157640625 0.3427734359375 0.5511853453125 0.32421875 0.576239221875 0.3291015640625 0.6108374390625 0.37109375 0.6215748171875 0.326171875 0.6406634875 0.33203125 0.6836129953125 0.3720703140625 0.672875615625 0.3984375 0.702701665625 0.447265625 0.6836129953125 0.421875 0.6669104046875 0.4267578140625 0.649014778125 0.4658203140625 0.67048953125
5 0.53515625 0.8196197640625 0.537109375 0.7050877437499999 0.5185546859375 0.6776477828125 0.484375 0.6836129953125 0.4794921859375 0.730141625 0.4365234359375 0.71105295625 0.35546875 0.7599676750000001 0.3564453140625 0.7754772171875 0.421875 0.7814424234375 0.388671875 0.8076893500000001 0.419921875 0.8625692703125001 0.4853515640625 0.827971059375 0.4873046859375 0.8017241374999999 0.5166015640625 0.8255849749999999 0.53515625 0.8196197640625
5 0.5556640640625 0.29826046875 0.5546875 0.3471751828125 0.5703125 0.36626385156249996 0.5390625 0.385352521875 0.599609375 0.4283020296875 0.65234375 0.35910560625 0.6220703140625 0.28633005 0.6025390640625 0.3149630546875 0.5556640640625 0.29826046875
5 0.7275390640625 0.29348830000000004 0.7080078140625 0.3149630546875 0.6806640640625 0.28871613281249997 0.658203125 0.3280865125 0.662109375 0.3805803546875 0.6923828140625 0.391317734375 0.7119140640625 0.436653325 0.736328125 0.4378463640625 0.78515625 0.399669025 0.763671875 0.36626385156249996 0.771484375 0.31138393125 0.7275390640625 0.29348830000000004
5 0.7021484359375 0.10498768437499999 0.693359375 0.0584590546875 0.6552734359375 0.021474753125000003 0.615234375 0.0441425515625 0.6015625 0.10856680781250001 0.564453125 0.1371998125 0.580078125 0.18730757656250002 0.625 0.21355449218749997 0.7216796859375 0.20997536874999997 0.771484375 0.1467441484375 0.7412109359375 0.10975985156250001 0.7021484359375 0.10498768437499999
5 0.53125 0.5452201375 0.537109375 0.5881696453124999 0.5634765640625 0.625153940625 0.619140625 0.6430495671875 0.666015625 0.6263469859375 0.6240234359375 0.5464131765625 0.5927734359375 0.5273245078125 0.53125 0.5452201375
5 0.6640625 0.5977139796875 0.744140625 0.647821734375 0.75390625 0.600100059375 0.73828125 0.5499923046874999 0.6533203140625 0.5010775859375001 0.6640625 0.5977139796875
5 0.775390625 0.8434806015625 0.796875 0.7575815859375 0.7705078140625 0.722983375 0.7451171859375 0.7253694578125 0.7373046859375 0.6919642859375 0.64453125 0.712246 0.685546875 0.7551955078125 0.658203125 0.8172336843749999 0.654296875 0.8697275265625001 0.671875 0.8744996953124999 0.7138671859375 0.8542179796875 0.7353515640625 0.8208128078125 0.7646484359375 0.851831896875 0.775390625 0.8434806015625
5 0.890625 0.7599676750000001 0.9091796859375 0.71821120625 0.8486328140625 0.6991225375 0.826171875 0.714632078125 0.79296875 0.8124615171875 0.818359375 0.8625692703125001 0.83984375 0.8721136062499999 0.8544921859375 0.8351293109375 0.91796875 0.8243919312499999 0.908203125 0.7718980890625 0.890625 0.7599676750000001
5 0.833984375 0.4712515375 0.837890625 0.50227063125 0.880859375 0.5309036359375 0.92578125 0.4712515375 0.923828125 0.4450046203125 0.8818359359375 0.38893165 0.833984375 0.4712515375
5 0.8828125 0.5738531421874999 0.9140625 0.5881696453124999 0.9560546859375 0.5750461828125 0.984375 0.5237453796875 0.8974609359375 0.532096675 0.8828125 0.5738531421874999
5 0.8212890640625 0.5822044328125 0.865234375 0.5881696453124999 0.880859375 0.5714670546875 0.8720703140625 0.5416410093749999 0.7890625 0.5165871328125 0.8212890640625 0.5822044328125
5 0.873046875 0.289909171875 0.87109375 0.24218749687500002 0.8173828140625 0.2171336203125 0.833984375 0.27320659062499997 0.873046875 0.289909171875
5 0.7939453140625 0.1956588671875 0.78515625 0.23741532968749998 0.802734375 0.2517318328125 0.7939453140625 0.1956588671875
5 0.8056640640625 0.188500615625 0.837890625 0.20639624687499997 0.8515625 0.1896936546875 0.8388671859375 0.1622536953125 0.7890625 0.151516315625 0.8056640640625 0.188500615625
5 0.8818359359375 0.1336206890625 0.841796875 0.134813734375 0.89453125 0.1658328171875 0.8818359359375 0.1336206890625
5 0.953125 0.1896936546875 0.9404296859375 0.15509544375 0.90234375 0.1539024046875 0.9072265640625 0.188500615625 0.953125 0.1896936546875
5 0.90234375 0.10379464062499999 0.916015625 0.1252693984375 0.9658203140625 0.10975985156250001 0.974609375 0.0847059703125 0.9248046859375 0.081126846875 0.90234375 0.10379464062499999
5 0.900390625 0.07993380312500001 0.9365234359375 0.0286330046875 0.90234375 0.0345982171875 0.890625 0.063231221875 0.900390625 0.07993380312500001
5 0.83984375 0.10856680781250001 0.88671875 0.1061807296875 0.8349609359375 0.0739685953125 0.79296875 0.0847059703125 0.83984375 0.10856680781250001
5 0.8603515640625 0.057266009375 0.83984375 0.063231221875 0.8828125 0.07993380312500001 0.8603515640625 0.057266009375