5 0.151516315625 0.83203125 0.1240763546875 0.7744140640625 0.07754772343750001 0.73828125 0.031019089062499998 0.7900390640625 0.0190886703125 0.8623046859375 0.03579125625 0.9267578140625 0.0847059703125 0.970703125 0.1360067734375 0.9306640640625 0.151516315625 0.83203125
5 0.16941194531249998 0.6494140640625 0.07754772343750001 0.587890625 0.0405634234375 0.6064453140625 0.042949507812499996 0.6650390640625 0.09663639375000001 0.720703125 0.16821890625 0.716796875 0.1801493203125 0.673828125 0.16941194531249998 0.6494140640625
5 0.201624078125 0.515625 0.16106065 0.51953125 0.11453202031250001 0.5654296859375 0.12169027031249999 0.5966796859375 0.2111684140625 0.66015625 0.25292487656249996 0.6337890640625 0.26366225625 0.576171875 0.201624078125 0.515625
5 0.09902247343750001 0.462890625 0.047721675000000005 0.4873046859375 0.031019089062499998 0.5322265640625 0.0680033890625 0.564453125 0.18492148749999998 0.478515625 0.15628848281250002 0.4609375 0.09902247343750001 0.462890625
5 0.23025708437499998 0.74609375 0.2075892859375 0.7763671859375 0.20281711875 0.8486328140625 0.2994535078125 0.966796875 0.313770009375 0.8984375 0.27439963125 0.7666015640625 0.23025708437499998 0.74609375
5 0.35910560625 0.73828125 0.3173491375 0.7763671859375 0.3101908859375 0.8232421859375 0.368649940625 0.953125 0.4020551140625 0.84765625 0.3746151484375 0.7392578140625 0.35910560625 0.73828125
5 0.43188115781249997 0.5517578140625 0.3948968578125 0.517578125 0.3364378078125 0.5986328140625 0.3507543109375 0.6591796859375 0.3948968578125 0.703125 0.436653325 0.6611328140625 0.4497767875 0.599609375 0.43188115781249997 0.5517578140625
5 0.49630541875 0.9443359359375 0.54283405 0.97265625 0.5499923046874999 0.94921875 0.5130080046875001 0.8974609359375 0.45454895625 0.86328125 0.49630541875 0.9443359359375
5 0.5046567093750001 0.880859375 0.5666948859375001 0.724609375 0.493919334375 0.7783203140625 0.5046567093750001 0.880859375
5 0.5416410093749999 0.8408203140625 0.5392549265625 0.8974609359375 0.559536640625 0.927734375 0.6203817734375 0.8837890640625 0.6382773984375001 0.81640625 0.607258315625 0.748046875 0.5416410093749999 0.8408203140625
5 0.7671259218750001 0.853515625 0.719404246875 0.849609375 0.6895782015624999 0.8896484359375 0.743265084375 0.892578125 0.7671259218750001 0.853515625
5 0.762353753125 0.798828125 0.7074738328125 0.787109375 0.6895782015624999 0.8212890640625 0.738492915625 0.83203125 0.762353753125 0.798828125
5 0.8196197640625 0.802734375 0.8470597296875001 0.7919921859375 0.8458666890625001 0.7734375 0.7981450140625 0.755859375 0.7778633 0.7802734359375 0.8196197640625 0.802734375
5 0.8649553593749999 0.826171875 0.8053032609375 0.806640625 0.78263546875 0.8388671859375 0.833936265625 0.85546875 0.8649553593749999 0.826171875
5 0.8697275265625001 0.90625 0.8315501875000001 0.873046875 0.78979371875 0.8779296859375 0.8196197640625 0.916015625 0.8697275265625001 0.90625
5 0.8005310937499999 0.919921875 0.7814424234375 0.896484375 0.756388546875 0.9072265640625 0.7742841765625 0.966796875 0.8005310937499999 0.919921875
5 0.5153940890625 0.5595703140625 0.5273245078125 0.6181640640625 0.5631157640625 0.6357421859375 0.5511853453125 0.6572265640625 0.576239221875 0.67578125 0.6108374390625 0.6708984359375 0.6215748171875 0.62890625 0.6406634875 0.673828125 0.6836129953125 0.66796875 0.672875615625 0.6279296859375 0.702701665625 0.6015625 0.6836129953125 0.552734375 0.6669104046875 0.578125 0.649014778125 0.5732421859375 0.67048953125 0.5341796859375 0.6287330640625 0.5 0.5655018468749999 0.5400390640625 0.576239221875 0.576171875 0.5153940890625 0.5595703140625
5 0.730141625 0.5205078140625 0.71105295625 0.5634765640625 0.7599676750000001 0.64453125 0.7754772171875 0.6435546859375 0.7814424234375 0.578125 0.8076893500000001 0.611328125 0.8625692703125001 0.580078125 0.827971059375 0.5146484359375 0.8017241374999999 0.5126953140625 0.8255849749999999 0.4833984359375 0.8196197640625 0.46484375 0.7050877437499999 0.462890625 0.6776477828125 0.4814453140625 0.6836129953125 0.515625 0.730141625 0.5205078140625
5 0.4283020296875 0.400390625 0.35910560625 0.34765625 0.28633005 0.3779296859375 0.3149630546875 0.3974609359375 0.29826046875 0.4443359359375 0.3471751828125 0.4453125 0.36626385156249996 0.4296875 0.385352521875 0.4609375 0.4283020296875 0.400390625
5 0.3805803546875 0.337890625 0.391317734375 0.3076171859375 0.436653325 0.2880859359375 0.4378463640625 0.263671875 0.399669025 0.21484375 0.36626385156249996 0.236328125 0.31138393125 0.228515625 0.29348830000000004 0.2724609359375 0.3149630546875 0.2919921859375 0.28871613281249997 0.3193359359375 0.3280865125 0.341796875 0.3805803546875 0.337890625
5 0.10856680781250001 0.3984375 0.1371998125 0.435546875 0.18730757656250002 0.419921875 0.21355449218749997 0.375 0.20997536874999997 0.2783203140625 0.1467441484375 0.228515625 0.10975985156250001 0.2587890640625 0.10498768437499999 0.2978515640625 0.0584590546875 0.306640625 0.021474753125000003 0.3447265640625 0.0441425515625 0.384765625 0.10856680781250001 0.3984375
5 0.6263469859375 0.333984375 0.5464131765625 0.3759765640625 0.5273245078125 0.4072265640625 0.5452201375 0.46875 0.5881696453124999 0.462890625 0.625153940625 0.4365234359375 0.6430495671875 0.380859375 0.6263469859375 0.333984375
5 0.5010775859375001 0.3466796859375 0.5977139796875 0.3359375 0.647821734375 0.255859375 0.600100059375 0.24609375 0.5499923046874999 0.26171875 0.5010775859375001 0.3466796859375
5 0.6919642859375 0.2626953140625 0.712246 0.35546875 0.7551955078125 0.314453125 0.8172336843749999 0.341796875 0.8697275265625001 0.345703125 0.8744996953124999 0.328125 0.8542179796875 0.2861328140625 0.8208128078125 0.2646484359375 0.851831896875 0.2353515640625 0.8434806015625 0.224609375 0.7575815859375 0.203125 0.722983375 0.2294921859375 0.7253694578125 0.2548828140625 0.6919642859375 0.2626953140625
5 0.8124615171875 0.20703125 0.8625692703125001 0.181640625 0.8721136062499999 0.16015625 0.8351293109375 0.1455078140625 0.8243919312499999 0.08203125 0.7718980890625 0.091796875 0.7599676750000001 0.109375 0.71821120625 0.09082031406249999 0.6991225375 0.1513671859375 0.714632078125 0.173828125 0.8124615171875 0.20703125
5 0.4450046203125 0.076171875 0.38893165 0.11816406406249999 0.4712515375 0.166015625 0.50227063125 0.162109375 0.5309036359375 0.119140625 0.4712515375 0.07421875 0.4450046203125 0.076171875
5 0.532096675 0.10253906406249999 0.5738531421874999 0.1171875 0.5881696453124999 0.0859375 0.5750461828125 0.043945314062500004 0.5237453796875 0.015625 0.532096675 0.10253906406249999
5 0.5165871328125 0.2109375 0.5822044328125 0.1787109359375 0.5881696453124999 0.134765625 0.5714670546875 0.119140625 0.5416410093749999 0.1279296859375 0.5165871328125 0.2109375
5 0.289909171875 0.126953125 0.24218749687500002 0.12890625 0.2171336203125 0.1826171859375 0.27320659062499997 0.166015625 0.289909171875 0.126953125
5 0.23741532968749998 0.21484375 0.2517318328125 0.197265625 0.1956588671875 0.2060546859375 0.23741532968749998 0.21484375
5 0.151516315625 0.2109375 0.188500615625 0.1943359359375 0.20639624687499997 0.162109375 0.1896936546875 0.1484375 0.1622536953125 0.1611328140625 0.151516315625 0.2109375
5 0.134813734375 0.158203125 0.1658328171875 0.10546875 0.1336206890625 0.11816406406249999 0.134813734375 0.158203125
5 0.1896936546875 0.046875 0.15509544375 0.0595703140625 0.1539024046875 0.09765625 0.188500615625 0.09277343593750001 0.1896936546875 0.046875
5 0.081126846875 0.07519531406249999 0.10379464062499999 0.09765625 0.1252693984375 0.083984375 0.10975985156250001 0.034179685937499996 0.0847059703125 0.025390625 0.081126846875 0.07519531406249999
5 0.07993380312500001 0.099609375 0.0286330046875 0.06347656406249999 0.0345982171875 0.09765625 0.063231221875 0.109375 0.07993380312500001 0.099609375
5 0.10856680781250001 0.16015625 0.1061807296875 0.11328125 0.0739685953125 0.1650390640625 0.0847059703125 0.20703125 0.10856680781250001 0.16015625
5 0.063231221875 0.16015625 0.07993380312500001 0.1171875 0.057266009375 0.1396484359375 0.063231221875 0.16015625