5 0.8818359390625 0.020720106250000002 0.8027343765625 0.08863601875 0.7988281234375 0.12547176875 0.8369140609375 0.18878321250000002 0.8984375 0.199143265625 0.9746093765625 0.178423159375 0.9550781234375 0.0679159125 0.9287109390625 0.032231279687499996 0.8818359390625 0.020720106250000002
5 0.8671875 0.37181084062499997 0.89453125 0.36260190312499996 0.8759765609375 0.296988221875 0.8349609390625 0.294685990625 0.8095703109375 0.262454709375 0.7597656234375 0.27741923125 0.76171875 0.30274381093749997 0.73046875 0.31885945000000004 0.7246093765625 0.353392965625 0.7666015609375 0.35914855 0.7597656234375 0.40173988437499997 0.78515625 0.4247622265625 0.8193359390625 0.3936820671875 0.8486328109375 0.4236111109375 0.87109375 0.3994376515625 0.8671875 0.37181084062499997
5 0.6650390609375 0.0092089375 0.6201171890625 0.025324579687499998 0.59765625 0.08633378750000001 0.6113281234375 0.1438896421875 0.6230468765625 0.1392851734375 0.6572265609375 0.2002943859375 0.6982421890625 0.20950332343750003 0.73046875 0.24288572031250003 0.7265625 0.11165836250000001 0.6855468765625 0.06331144375 0.7167968765625 0.0494980390625 0.6650390609375 0.0092089375
5 0.5644531234375 0.12547176875 0.54296875 0.09784495625 0.5761718765625 0.0748226140625 0.5146484390625 0.020720106250000002 0.4814453109375 0.027626810937500003 0.4746093765625 0.07021814531250001 0.4277343765625 0.10244942500000001 0.4375 0.1577030484375 0.484375 0.183027628125 0.4892578109375 0.15194746406249998 0.5126953109375 0.1772720390625 0.56640625 0.178423159375 0.5644531234375 0.12547176875
5 0.2998046890625 0.025324579687499998 0.2636718765625 0.0541025078125 0.2441406234375 0.13468070468749999 0.2636718765625 0.2152589078125 0.328125 0.25669912500000003 0.38671875 0.212956671875 0.4042968765625 0.12547176875 0.3798828109375 0.0460446859375 0.2998046890625 0.025324579687499998
5 0.5644531234375 0.2590013578125 0.5722656234375 0.3165572171875 0.6083984390625 0.3453351453125 0.6699218765625 0.35569519843749997 0.7011718765625 0.30504604375 0.69140625 0.26130359375 0.6005859390625 0.21641002343750002 0.5644531234375 0.2590013578125
5 0.4033203109375 0.2785703484375 0.390625 0.3349750921875 0.4121093765625 0.381019778125 0.5058593765625 0.41325105781250004 0.5605468765625 0.383322009375 0.5371093765625 0.29583710625 0.4755859390625 0.25094353593749996 0.4033203109375 0.2785703484375
5 0.2949218765625 0.369508603125 0.296875 0.415553290625 0.3378906234375 0.4270644640625 0.36328125 0.4086465890625 0.3720703109375 0.3430329078125 0.3173828109375 0.3453351453125 0.2949218765625 0.369508603125
5 0.1484375 0.196841034375 0.171875 0.1438896421875 0.1318359390625 0.10129830937499999 0.11328125 0.1438896421875 0.1484375 0.196841034375
5 0.09570312343750001 0.0310801640625 0.15625 0.0564047390625 0.171875 0.0356846328125 0.1552734390625 0.018417875 0.11425781093750001 0.013813406249999998 0.09570312343750001 0.0310801640625
5 0.08789062343750001 0.0748226140625 0.06933593906249999 0.039137981249999995 0.017578123437500003 0.0494980390625 0.045898439062500004 0.07367149687499999 0.08789062343750001 0.0748226140625
5 0.015625 0.10705389375 0.06835937656249999 0.12086730000000001 0.08984375 0.10705389375 0.08886718906249999 0.078275965625 0.045898439062500004 0.0759737296875 0.015625 0.10705389375
5 0.05859375 0.18072539062499998 0.09570312343750001 0.1554008171875 0.09277343906249999 0.10820501406250001 0.0566406234375 0.1438896421875 0.05859375 0.18072539062499998
5 0.3613281234375 0.41094882187500004 0.37109375 0.3464862609375 0.3134765609375 0.34763738125 0.2919921890625 0.37756642500000004 0.2607421890625 0.34763738125 0.2451171890625 0.3683574875 0.2158203109375 0.34763738125 0.1953125 0.4454823375 0.23046875 0.47310915 0.2607421890625 0.5341183578125 0.3144531234375 0.5329672421875 0.3125 0.48692255624999997 0.3535156234375 0.48231808750000005 0.328125 0.43397116406249997 0.3613281234375 0.41094882187500004
5 0.0576171890625 0.3269172703125 0.017578123437500003 0.37181084062499997 0.015625 0.43627340156249994 0.047851560937499996 0.40289100468749994 0.0566406234375 0.4961314921875 0.07714843906249999 0.458144628125 0.12109375 0.5191538359375001 0.10351562343750001 0.415553290625 0.1699218765625 0.42936669531250005 0.11035156093750001 0.3453351453125 0.0576171890625 0.3269172703125
5 0.7792968765625 0.48462031874999995 0.8486328109375 0.5870697484375 0.9160156234375 0.604336503125 0.98046875 0.583616396875 0.9287109390625 0.483469203125 0.8232421890625 0.460446859375 0.7792968765625 0.48462031874999995
5 0.6572265609375 0.5364205890625 0.69921875 0.5490828796875 0.74609375 0.5214560671874999 0.7060546890625 0.492678140625 0.66015625 0.5145493671875 0.6572265609375 0.5364205890625
5 0.6386718765625 0.49382925625 0.66796875 0.5030381937499999 0.7128906234375 0.46850468125000005 0.6748046890625 0.44893569062500005 0.6474609390625 0.46505132812500005 0.6386718765625 0.49382925625
5 0.6904296890625 0.5525362312500001 0.6855468765625 0.5974298015625 0.7324218765625 0.6250566140625 0.765625 0.6135454390625 0.7519531234375 0.5744074593749999 0.7275390609375 0.5525362312500001 0.6904296890625 0.5525362312500001
5 0.6269531234375 0.5928253328124999 0.6660156234375 0.6411722515625 0.6796875 0.579011928125 0.671875 0.5490828796875 0.6435546890625 0.5364205890625 0.6269531234375 0.5928253328124999
5 0.5859375 0.560594053125 0.5996093765625 0.572105221875 0.6347656234375 0.542176178125 0.6357421890625 0.4949803765625 0.5917968765625 0.5122471296875 0.5859375 0.560594053125
5 0.1386718765625 0.579011928125 0.2001953109375 0.6377188984375 0.2714843765625 0.64807895625 0.3652343765625 0.6273588453125 0.2900390609375 0.5640474015625 0.1728515609375 0.5571406999999999 0.1386718765625 0.579011928125
5 0.37890625 0.6803102359375 0.390625 0.735563859375 0.4248046890625 0.76664401875 0.48828125 0.7770040765624999 0.484375 0.65728789375 0.4345703109375 0.623905496875 0.3974609390625 0.623905496875 0.37890625 0.6803102359375
5 0.1943359390625 0.6837635843750001 0.1640625 0.735563859375 0.1796875 0.7862130140625 0.2333984390625 0.8357110531249999 0.3066406234375 0.8391644015624999 0.3066406234375 0.770097371875 0.28515625 0.7102392796875 0.2353515609375 0.6699501828125001 0.1943359390625 0.6837635843750001
5 0.1787109390625 0.844919990625 0.1259765609375 0.8265021156250001 0.08203125 0.85297780625 0.06835937656249999 0.933556009375 0.08691406093750001 0.96693840625 0.1542968765625 0.9842051640625 0.1953125 0.9796006953124999 0.1972656234375 0.8967202609375 0.1738281234375 0.8690934499999999 0.1787109390625 0.844919990625
5 0.4013671890625 0.8403155171875 0.2675781234375 0.9059291984375 0.4375 0.9888096328125 0.4951171890625 0.9646361734375001 0.52734375 0.9105336671875 0.4775390609375 0.844919990625 0.4013671890625 0.8403155171875
5 0.7216796890625 0.9070803140624999 0.6279296890625 0.9185914875 0.5722656234375 0.9496716468749999 0.6162109390625 0.9738451109374999 0.703125 0.9796006953124999 0.7724609390625 0.96693840625 0.796875 0.940462709375 0.7626953109375 0.9116847828125 0.7216796890625 0.9070803140624999
5 0.72265625 0.8299554640625001 0.75390625 0.8667912125000001 0.7949218765625 0.8184442953125 0.7783203109375 0.7159948703125 0.7128906234375 0.7747018406249999 0.72265625 0.8299554640625001
5 0.8339843765625 0.8092353578125 0.83984375 0.7148437484375 0.7998046890625 0.681461353125 0.7871093765625 0.735563859375 0.8339843765625 0.8092353578125
5 0.671875 0.7217504546875 0.7109375 0.7378660921875 0.7705078109375 0.7090881640625 0.78515625 0.67570576875 0.7236328109375 0.653834540625 0.671875 0.7217504546875
5 0.62109375 0.7125415171875 0.6347656234375 0.68261246875 0.5966796890625 0.660741246875 0.5595703109375 0.6031853859375 0.52734375 0.652683425 0.54296875 0.6687990625 0.5175781234375 0.7125415171875 0.5390625 0.7286571546875 0.51171875 0.8046308890624999 0.546875 0.8138398265625 0.5595703109375 0.8633378640625 0.62109375 0.8736979171874999 0.6464843765625 0.8138398265625 0.63671875 0.779306309375 0.6621093765625 0.756283965625 0.62109375 0.7125415171875
5 0.9404296890625 0.9254981890625 0.96484375 0.9289515406250001 0.96484375 0.8690934499999999 0.9248046890625 0.8288043484375001 0.91796875 0.8944180234375001 0.9404296890625 0.9254981890625
5 0.88671875 0.972693990625 0.9160156234375 0.9358582421874999 0.9072265609375 0.8679423281249999 0.8613281234375 0.9266493046875001 0.88671875 0.972693990625
5 0.8408203109375 0.874849034375 0.87109375 0.8783023859375 0.9121093765625 0.8598845125000001 0.9130859390625 0.8195954109375 0.8417968765625 0.850675575 0.8408203109375 0.874849034375
5 0.984375 0.8345599328125 0.9501953109375 0.7804574296875 0.92578125 0.7816085453125 0.9384765609375 0.8241998796875001 0.984375 0.8345599328125
5 0.9042968765625 0.8092353578125 0.9238281234375 0.7954219515625 0.9228515609375 0.773550725 0.85546875 0.783910778125 0.9042968765625 0.8092353578125
5 0.9228515609375 0.73441274375 0.8847656234375 0.753981734375 0.91796875 0.770097371875 0.9228515609375 0.73441274375
5 0.5332031234375 0.5214560671874999 0.5527343765625 0.5030381937499999 0.5126953109375 0.483469203125 0.5078125 0.5076426625 0.5332031234375 0.5214560671874999
5 0.5791015609375 0.48577143906250003 0.6015625 0.48692255624999997 0.6191406234375 0.47080691249999995 0.6103515609375 0.4535401546875 0.5683593765625 0.45929574375 0.5791015609375 0.48577143906250003
5 0.4296875 0.5191538359375001 0.4394531234375 0.4915270234375 0.4169921890625 0.476562503125 0.4003906234375 0.5099448984375 0.4296875 0.5191538359375001
5 0.421875 0.5744074593749999 0.43359375 0.5444784109375 0.4091796890625 0.5364205890625 0.3964843765625 0.572105221875 0.421875 0.5744074593749999
5 0.515625 0.546780646875 0.5136718765625 0.5145493671875 0.4853515609375 0.508793778125 0.484375 0.537571709375 0.515625 0.546780646875
5 0.4394531234375 0.579011928125 0.4511718765625 0.6020342703125 0.4902343765625 0.6158476765625001 0.4921875 0.576709690625 0.4677734390625 0.5433272953125 0.4482421890625 0.5456295265625 0.4394531234375 0.579011928125