5 0.8215768406249999 0.0253906234375 0.800856734375 0.1015625 0.8112167875 0.1630859390625 0.87452823125 0.2011718765625 0.9113639812500001 0.1972656234375 0.97927989375 0.11816406093750001 0.9677687203125 0.07128906093750001 0.9320840875 0.044921876562500004 0.8215768406249999 0.0253906234375
5 0.6063179328125 0.1806640609375 0.5752377734375 0.21484375 0.598260115625 0.2402343765625 0.64085145 0.2333984390625 0.646607034375 0.2753906234375 0.6811405500000001 0.26953125 0.6972561890625 0.23828125 0.72258076875 0.2402343765625 0.737545290625 0.1904296890625 0.705314009375 0.1650390609375 0.703011778125 0.12402343906249999 0.6373980968749999 0.10546875 0.628189159375 0.1328125 0.6005623484375 0.12890625 0.5763888890625 0.1513671890625 0.6063179328125 0.1806640609375
5 0.8883416375 0.2734375 0.7571142796875 0.26953125 0.7904966765625 0.3017578109375 0.7997056140625001 0.3427734390625 0.8607148265625 0.3769531234375 0.8561103578125 0.3886718765625 0.9136662125000001 0.40234375 0.9746754203125001 0.3798828109375 0.9907910624999999 0.3349609390625 0.9505019609375 0.2832031234375 0.93668855625 0.3144531234375 0.8883416375 0.2734375
5 0.8480525359375 0.5107421890625 0.8169723718749999 0.515625 0.8422969515625001 0.5625 0.897550575 0.5722656234375 0.9297818546875 0.5253906234375 0.9723731890625 0.5185546890625 0.97927989375 0.4853515609375 0.9251773859375 0.4238281234375 0.90215504375 0.45703125 0.87452823125 0.4355468765625 0.8215768406249999 0.43359375 0.8227279609375 0.4873046890625 0.8480525359375 0.5107421890625
5 0.787043328125 0.61328125 0.743300875 0.671875 0.7847410921875 0.7363281234375 0.8653192953125 0.7558593765625 0.9458974921875001 0.7363281234375 0.9746754203125001 0.7001953109375 0.9539553140624999 0.6201171890625 0.87452823125 0.5957031234375 0.787043328125 0.61328125
5 0.69495395625 0.2988281234375 0.6443048015625 0.3300781234375 0.6546648546875 0.3916015609375 0.6834427828125 0.4277343765625 0.7409986421875 0.4355468765625 0.7835899765625001 0.3994140609375 0.73869640625 0.30859375 0.69495395625 0.2988281234375
5 0.6166779906250001 0.4394531234375 0.5867489421875 0.4941406234375 0.618980221875 0.5878906234375 0.6650249078125 0.609375 0.7214296515624999 0.5966796890625 0.7490564640625 0.5244140609375 0.70416289375 0.4628906234375 0.6166779906250001 0.4394531234375
5 0.5913534109375 0.63671875 0.5729355359375 0.6621093765625 0.584446709375 0.703125 0.630491396875 0.7050781234375 0.6546648546875 0.6826171890625 0.6569670921874999 0.6279296890625 0.5913534109375 0.63671875
5 0.8561103578125 0.828125 0.803158965625 0.8515625 0.8561103578125 0.88671875 0.898701690625 0.8681640609375 0.8561103578125 0.828125
5 0.9643153671875 0.828125 0.9435952609375 0.84375 0.9689198359375 0.9042968765625 0.98618659375 0.8857421890625 0.9815821250000001 0.8447265609375 0.9643153671875 0.828125
5 0.96086201875 0.9306640609375 0.9251773859375 0.9121093765625 0.9263285031249999 0.9541015609375 0.9505019609375 0.9824218765625 0.96086201875 0.9306640609375
5 0.8929461062499999 0.91015625 0.8791327000000001 0.9316406234375 0.8929461062499999 0.984375 0.9240262703125 0.9541015609375 0.921724034375 0.9111328109375 0.8929461062499999 0.91015625
5 0.8445991828125001 0.9042968765625 0.819274609375 0.94140625 0.8561103578125 0.9433593765625 0.8917949859375 0.9072265609375 0.8445991828125001 0.9042968765625
5 0.5130774437500001 0.6875 0.4670327578125 0.6855468765625 0.46588164218749994 0.7392578109375 0.52689085 0.76953125 0.5545176625 0.8046875 0.65236261875 0.7841796890625 0.6316425125 0.7548828109375 0.65236261875 0.7392578109375 0.622433575 0.7080078109375 0.65236261875 0.6865234390625 0.6535137390625 0.62890625 0.589051178125 0.6386718765625 0.5660288359375001 0.671875 0.5176819125 0.6464843765625 0.5130774437500001 0.6875
5 0.584446709375 0.8964843765625 0.48084616406249997 0.87890625 0.541855371875 0.9228515609375 0.5038685078125 0.9433593765625 0.5971089953125001 0.9521484390625 0.5637265984375001 0.984375 0.628189159375 0.9824218765625 0.6730827296874999 0.9423828109375 0.6546648546875 0.8896484390625 0.5706333046875 0.8300781234375 0.584446709375 0.8964843765625
5 0.416383603125 0.01953125 0.395663496875 0.08398437656249999 0.41293025156249996 0.1513671890625 0.51537968125 0.2207031234375 0.539553140625 0.1767578109375 0.5165307968749999 0.07128906093750001 0.416383603125 0.01953125
5 0.4785439328125 0.25390625 0.4509171203125 0.30078125 0.46357941093750005 0.3427734390625 0.4854506328125 0.33984375 0.507321859375 0.2939453109375 0.4785439328125 0.25390625
5 0.53149531875 0.2871093765625 0.49696180625 0.33203125 0.50617074375 0.3613281234375 0.534948671875 0.3525390609375 0.551064309375 0.3251953109375 0.53149531875 0.2871093765625
5 0.38645456093749997 0.234375 0.3749433859375 0.2675781234375 0.40257019843749997 0.3144531234375 0.44746376874999994 0.3095703109375 0.44746376874999994 0.2724609390625 0.425592540625 0.2480468765625 0.38645456093749997 0.234375
5 0.420988071875 0.3203125 0.3588277484375 0.3339843765625 0.4071746671875 0.3730468765625 0.46357941093750005 0.3564453109375 0.4509171203125 0.328125 0.420988071875 0.3203125
5 0.45782382187500004 0.3652343765625 0.42789477812500004 0.4003906234375 0.439405946875 0.4140625 0.4877528703125 0.4082031234375 0.5050196234375 0.3642578109375 0.45782382187500004 0.3652343765625
5 0.37264115468750003 0.6347656234375 0.35192104375 0.7285156234375 0.3622811015625 0.7998046890625 0.420988071875 0.8613281234375 0.4428593 0.8271484390625 0.4359525984375 0.7099609390625 0.37264115468750003 0.6347656234375
5 0.34271210625 0.515625 0.2229959234375 0.51171875 0.23335598124999998 0.5751953109375 0.264436140625 0.609375 0.3196897640625 0.62109375 0.376094503125 0.6025390609375 0.376094503125 0.5654296890625 0.34271210625 0.515625
5 0.229902628125 0.6933593765625 0.1608355984375 0.6933593765625 0.164288946875 0.7666015609375 0.21378698593749998 0.8203125 0.264436140625 0.8359375 0.316236415625 0.8056640609375 0.33004981718750004 0.7646484390625 0.2897607203125 0.71484375 0.229902628125 0.6933593765625
5 0.0203993046875 0.8046875 0.0157948359375 0.8457031234375 0.03306159375 0.9130859390625 0.066443990625 0.9316406234375 0.14702219375 0.91796875 0.173497884375 0.8740234390625 0.155080009375 0.8212890609375 0.13090655 0.8261718765625 0.10327973906250001 0.8027343765625 0.0203993046875 0.8046875
5 0.0353638265625 0.5048828109375 0.0111903671875 0.5625 0.0940708015625 0.7324218765625 0.1596844828125 0.5986328109375 0.155080009375 0.5224609390625 0.08946633281250001 0.47265625 0.0353638265625 0.5048828109375
5 0.03306159375 0.2275390609375 0.0203993046875 0.296875 0.0261548890625 0.3837890609375 0.050328353125 0.4277343765625 0.0814085125 0.3720703109375 0.0929196859375 0.2783203109375 0.08831521718749999 0.2373046890625 0.059537290624999996 0.203125 0.03306159375 0.2275390609375
5 0.18155570468749999 0.2050781234375 0.1332087875 0.24609375 0.1700445359375 0.27734375 0.225298159375 0.2871093765625 0.2840051296875 0.2216796890625 0.18155570468749999 0.2050781234375
5 0.2851562515625 0.16015625 0.1907646421875 0.1660156234375 0.264436140625 0.2128906234375 0.318538646875 0.2001953109375 0.2851562515625 0.16015625
5 0.2909118359375 0.2294921890625 0.2621339078125 0.2890625 0.2782495453125 0.328125 0.346165459375 0.2763671890625 0.32429423125 0.21484375 0.2909118359375 0.2294921890625
5 0.1861601734375 0.3535156234375 0.1263020828125 0.37890625 0.1366621359375 0.4404296890625 0.1861601734375 0.453125 0.1953691109375 0.48828125 0.2713428453125 0.4609375 0.2874584828125 0.4824218765625 0.3312009375 0.45703125 0.347316575 0.47265625 0.3968146140625 0.4404296890625 0.339258753125 0.4033203109375 0.31738753124999997 0.3652343765625 0.2874584828125 0.37890625 0.243716034375 0.3378906234375 0.22069369062500002 0.36328125 0.1861601734375 0.3535156234375
5 0.13090655 0.03515625 0.071048459375 0.03515625 0.0745018109375 0.0595703109375 0.10558197656249999 0.08203125 0.1711956515625 0.07519531093750001 0.13090655 0.03515625
5 0.0641417578125 0.08398437656249999 0.027306009375000002 0.11328125 0.0733506953125 0.1386718765625 0.132057671875 0.09277343906249999 0.0641417578125 0.08398437656249999
5 0.1401154875 0.08789062343750001 0.12169761406249999 0.12890625 0.125150965625 0.1591796890625 0.149324425 0.1582031234375 0.1804045890625 0.08691406093750001 0.1401154875 0.08789062343750001
5 0.21954257031250002 0.049804689062500004 0.16544006718749998 0.015625 0.1758001203125 0.0615234390625 0.21839145468750001 0.07421875 0.21954257031250002 0.049804689062500004
5 0.2045780484375 0.07617187656249999 0.1907646421875 0.09570312343750001 0.216089221875 0.14453125 0.226449275 0.07714843906249999 0.2045780484375 0.07617187656249999
5 0.26558725625 0.07714843906249999 0.229902628125 0.08203125 0.246018265625 0.11523437656249999 0.26558725625 0.07714843906249999
5 0.49696180625 0.4472656234375 0.4785439328125 0.4667968765625 0.4923573375 0.4921875 0.5165307968749999 0.4873046890625 0.49696180625 0.4472656234375
5 0.5291930875 0.3808593765625 0.5130774437500001 0.3984375 0.5142285609374999 0.4208984390625 0.54070425625 0.4316406234375 0.5464598453125 0.3896484390625 0.5291930875 0.3808593765625
5 0.5084729765625 0.5605468765625 0.48084616406249997 0.5703125 0.4900551015625 0.5996093765625 0.523437496875 0.5830078109375 0.5084729765625 0.5605468765625
5 0.4555215890625 0.56640625 0.425592540625 0.578125 0.42789477812500004 0.6035156234375 0.46357941093750005 0.5908203109375 0.4555215890625 0.56640625
5 0.4854506328125 0.4863281234375 0.453219353125 0.484375 0.462428290625 0.515625 0.491206221875 0.5146484390625 0.4854506328125 0.4863281234375
5 0.423290309375 0.5078125 0.3841523234375 0.5097656234375 0.3979657296875 0.5488281234375 0.420988071875 0.5605468765625 0.4543704734375 0.5517578109375 0.4566727046875 0.5322265609375 0.423290309375 0.5078125