5 0.1757812484375 0.8857935843750001 0.1796875 0.8156866796875001 0.0712890625 0.8462171046875 0.0322265625 0.8801398031250001 0.0136718765625 0.9129317421875 0.021484376562499997 0.9785156265625 0.08300781406249999 0.9796463828125 0.1337890625 0.9525082250000001 0.1757812484375 0.8857935843750001
5 0.2705078140625 0.84395559375 0.2597656234375 0.817948190625 0.2285156234375 0.8541324015624999 0.2285156234375 0.946854440625 0.3232421859375 0.9502467078124999 0.3457031234375 0.9265008234375 0.3261718765625 0.9038856890625 0.3476562484375 0.8790090484374999 0.3496093765625 0.8315172671875001 0.3056640625 0.8236019718750001 0.2705078140625 0.84395559375
5 0.4541015625 0.9638157890624999 0.53125 0.822471215625 0.4130859375 0.884662828125 0.3789062484375 0.92197779375 0.3652343765625 0.9739925984375001 0.3994140625 0.98643091875 0.4541015625 0.9638157890624999
5 0.6738281234375 0.8790090484374999 0.6660156234375 0.8156866796875001 0.6083984375 0.8190789468749999 0.5683593765625 0.8496093734375 0.5664062484375 0.8948396359374999 0.5869140625 0.9253700671875 0.6181640625 0.943462171875 0.6601562484375 0.9265008234375 0.6738281234375 0.8790090484374999
5 0.8359375 0.822471215625 0.7539062484375 0.8134251625 0.71875 0.836040296875 0.7265625 0.8971011531249999 0.7919921859375 0.932154603125 0.8359375 0.822471215625
5 0.96875 0.90614720625 0.9785156234375 0.820209703125 0.8740234375 0.8394325640625 0.8476562484375 0.8609169421875 0.8457031234375 0.9084087171874999 0.8994140625 0.9683388140625 0.9384765625 0.9683388140625 0.96875 0.90614720625
5 0.1777343765625 0.65738075625 0.1816406234375 0.5963199 0.0927734375 0.615542765625 0.046875 0.7297491765624999 0.08886718593750001 0.7354029625 0.1552734375 0.6992187515625 0.1777343765625 0.65738075625
5 0.2998046859375 0.694695721875 0.3476562484375 0.591796875 0.2626953140625 0.617804278125 0.2265625 0.6709498375 0.2207031234375 0.711657071875 0.2548828140625 0.7218338796875 0.2998046859375 0.694695721875
5 0.4169921859375 0.703741775 0.5058593765625 0.591796875 0.4716796859375 0.59292763125 0.3818359375 0.6517269765625 0.3496093765625 0.695826478125 0.3457031234375 0.73427220625 0.4169921859375 0.703741775
5 0.6201171859375 0.59518914375 0.5957031234375 0.5940583875 0.5576171859375 0.5974506609375 0.5175781234375 0.6528577328125 0.5234375 0.725226153125 0.5634765625 0.75123355 0.5986328140625 0.7489720375 0.6445312484375 0.6913034546875 0.640625 0.6279810859375 0.6201171859375 0.59518914375
5 0.7910156234375 0.713918584375 0.8242187515625 0.591796875 0.7275390625 0.604235196875 0.6777343765625 0.6370271390625 0.6699218765625 0.7003495078124999 0.6962890625 0.7467105265625 0.7392578140625 0.7557565796875 0.7910156234375 0.713918584375
5 0.9804687515625 0.600842928125 0.9433593765625 0.585012334375 0.8974609375 0.5906661203125 0.8691406234375 0.616673521875 0.8076171859375 0.7444490140625 0.9228515625 0.71731085625 0.9648437515625 0.6822574015625 0.9804687515625 0.600842928125
5 0.9433593765625 0.444798521875 0.9765625 0.367907071875 0.8876953140625 0.427837171875 0.8671875 0.40861431093749995 0.8613281234375 0.4561060859375 0.8857421859375 0.4979440765625 0.921875 0.5058593734375 0.9042968765625 0.476459703125 0.9433593765625 0.444798521875
5 0.8007812484375 0.4176603640625 0.796875 0.367907071875 0.7587890625 0.3916529625 0.7304687515625 0.3724301 0.71875 0.413137334375 0.7011718765625 0.419921875 0.7138671859375 0.4708059234375 0.7666015625 0.4979440765625 0.8105468765625 0.490028784375 0.8085937515625 0.46741365 0.8339843765625 0.4538445734375 0.8378906234375 0.42896792812499995 0.8007812484375 0.4176603640625
5 0.9072265625 0.24917763124999998 0.984375 0.13723273281249998 0.8642578140625 0.21751645000000003 0.8144531234375 0.2819695734375 0.9072265625 0.24917763124999998
5 0.8007812484375 0.2028166125 0.8105468765625 0.132709703125 0.7490234375 0.136101971875 0.6904296859375 0.1745476984375 0.6601562484375 0.21864720625 0.6582031234375 0.2797080578125 0.7080078140625 0.2831003296875 0.7666015625 0.255962171875 0.8007812484375 0.2028166125
5 0.6113281234375 0.2276932578125 0.6210937515625 0.134971215625 0.5654296859375 0.1383634875 0.5332031234375 0.1621093734375 0.5361328140625 0.24917763124999998 0.5810546859375 0.24917763124999998 0.6113281234375 0.2276932578125
5 0.6523437515625 0.4108758234375 0.6445312484375 0.370168584375 0.6123046859375 0.369037828125 0.5947265625 0.3939144734375 0.5605468765625 0.376953125 0.5371093765625 0.431229440625 0.5576171859375 0.477590459375 0.6123046859375 0.5047286171875001 0.6679687515625 0.460629109375 0.640625 0.431229440625 0.6523437515625 0.4108758234375
5 0.4960937515625 0.367907071875 0.4628906234375 0.365645559375 0.4072265625 0.37356085625 0.3808593765625 0.42218338749999995 0.3935546859375 0.4640213828125 0.4560546859375 0.49568256406250005 0.4892578140625 0.48211348750000005 0.5078125 0.4470600328125 0.4960937515625 0.367907071875
5 0.4648437515625 0.2503083875 0.4882812484375 0.13723273281249998 0.3964843765625 0.17341694218749998 0.3808593765625 0.20733963593750002 0.3935546859375 0.2672697375 0.4326171859375 0.271792765625 0.4648437515625 0.2503083875
5 0.3027343765625 0.2299547703125 0.3222656234375 0.14401726718750002 0.2480468765625 0.1688939140625 0.2373046859375 0.2785773015625 0.3027343765625 0.2299547703125
5 0.1875 0.48098273281250004 0.1953125 0.3633840484375 0.1279296859375 0.3893914453125 0.09765624843750001 0.376953125 0.09179687656249999 0.42218338749999995 0.1289062484375 0.444798521875 0.1318359375 0.47985197187499995 0.1875 0.48098273281250004
5 0.3515625 0.381476153125 0.2949218765625 0.3633840484375 0.2548828140625 0.3712993390625 0.2324218765625 0.3973067421875 0.2460937515625 0.48550575625 0.2626953140625 0.5024671046875 0.3134765625 0.49568256406250005 0.3457031234375 0.4402754921875 0.3515625 0.381476153125
5 0.1816406234375 0.1711554265625 0.1367187515625 0.134971215625 0.10449218593750001 0.15645559375 0.07226562343750001 0.148540296875 0.0625 0.20733963593750002 0.0400390625 0.20394736875000002 0.035156248437499996 0.241262334375 0.019531248437500003 0.248046875 0.0224609375 0.303453946875 0.06738281406249999 0.2853618421875 0.1025390625 0.29666940625 0.11230468593750001 0.2695312484375 0.15625 0.259354440625 0.1464843765625 0.2322162828125 0.1816406234375 0.1711554265625