5 0.021484376562499997 0.021484373437500003 0.0136718765625 0.08706825781250001 0.0322265625 0.119860196875 0.0712890625 0.1537828953125 0.1796875 0.1843133203125 0.1757812484375 0.114206415625 0.1337890625 0.047491775 0.08300781406249999 0.0203536171875 0.021484376562499997 0.021484373437500003
5 0.3476562484375 0.12099095156249999 0.3261718765625 0.0961143109375 0.3457031234375 0.0734991765625 0.3232421859375 0.0497532921875 0.2285156234375 0.053145559375 0.2285156234375 0.1458675984375 0.2597656234375 0.182051809375 0.2705078140625 0.15604440625 0.3056640625 0.176398028125 0.3496093765625 0.16848273281249998 0.3476562484375 0.12099095156249999
5 0.3789062484375 0.07802220625 0.4130859375 0.115337171875 0.53125 0.177528784375 0.4541015625 0.0361842109375 0.3994140625 0.01356908125 0.3652343765625 0.026007401562499997 0.3789062484375 0.07802220625
5 0.5869140625 0.0746299328125 0.5664062484375 0.1051603640625 0.5683593765625 0.1503906265625 0.6083984375 0.180921053125 0.6660156234375 0.1843133203125 0.6738281234375 0.12099095156249999 0.6601562484375 0.0734991765625 0.6181640625 0.056537828125 0.5869140625 0.0746299328125
5 0.71875 0.163959703125 0.7539062484375 0.18657483749999998 0.8359375 0.177528784375 0.7919921859375 0.06784539687499999 0.7265625 0.10289884687499999 0.71875 0.163959703125
5 0.8457031234375 0.0915912828125 0.8476562484375 0.13908305781250002 0.8740234375 0.1605674359375 0.9785156234375 0.179790296875 0.96875 0.09385279375 0.9384765625 0.0316611859375 0.8994140625 0.0316611859375 0.8457031234375 0.0915912828125
5 0.046875 0.2702508234375 0.0927734375 0.384457234375 0.1816406234375 0.4036801 0.1777343765625 0.34261924375 0.1552734375 0.3007812484375 0.08886718593750001 0.2645970375 0.046875 0.2702508234375
5 0.2265625 0.3290501625 0.2626953140625 0.382195721875 0.3476562484375 0.408203125 0.2998046859375 0.305304278125 0.2548828140625 0.2781661203125 0.2207031234375 0.288342928125 0.2265625 0.3290501625
5 0.3818359375 0.3482730234375 0.4716796859375 0.40707236875 0.5058593765625 0.408203125 0.4169921859375 0.296258225 0.3457031234375 0.26572779375 0.3496093765625 0.304173521875 0.3818359375 0.3482730234375
5 0.5986328140625 0.2510279625 0.5634765625 0.24876645000000003 0.5234375 0.274773846875 0.5175781234375 0.3471422671875 0.5576171859375 0.4025493390625 0.5957031234375 0.40594161250000005 0.6201171859375 0.40481085625 0.640625 0.3720189140625 0.6445312484375 0.3086965453125 0.5986328140625 0.2510279625
5 0.6699218765625 0.2996504921875 0.6777343765625 0.3629728609375 0.7275390625 0.395764803125 0.8242187515625 0.408203125 0.7910156234375 0.286081415625 0.7392578140625 0.2442434203125 0.6962890625 0.2532894734375 0.6699218765625 0.2996504921875
5 0.8076171859375 0.2555509859375 0.8691406234375 0.383326478125 0.8974609375 0.4093338796875 0.9433593765625 0.414987665625 0.9804687515625 0.399157071875 0.9648437515625 0.3177425984375 0.9228515625 0.28268914375 0.8076171859375 0.2555509859375
5 0.8857421859375 0.5020559234374999 0.8613281234375 0.5438939140625 0.8671875 0.5913856890625 0.8876953140625 0.572162828125 0.9765625 0.632092928125 0.9433593765625 0.555201478125 0.9042968765625 0.523540296875 0.921875 0.4941406265625 0.8857421859375 0.5020559234374999
5 0.8085937515625 0.53258635 0.8105468765625 0.509971215625 0.7666015625 0.5020559234374999 0.7138671859375 0.5291940765625001 0.7011718765625 0.580078125 0.71875 0.586862665625 0.7304687515625 0.6275699 0.7587890625 0.6083470375 0.796875 0.632092928125 0.8007812484375 0.5823396359374999 0.8378906234375 0.571032071875 0.8339843765625 0.5461554265624999 0.8085937515625 0.53258635
5 0.984375 0.8627672671875001 0.9072265625 0.75082236875 0.8144531234375 0.7180304265624999 0.8642578140625 0.78248355 0.984375 0.8627672671875001
5 0.6582031234375 0.7202919421875 0.6601562484375 0.78135279375 0.6904296859375 0.8254523015625 0.7490234375 0.8638980281249999 0.8105468765625 0.867290296875 0.8007812484375 0.7971833875 0.7666015625 0.744037828125 0.7080078140625 0.7168996703125 0.6582031234375 0.7202919421875
5 0.5332031234375 0.8378906265625 0.5654296859375 0.8616365125 0.6210937515625 0.865028784375 0.6113281234375 0.7723067421875001 0.5810546859375 0.75082236875 0.5361328140625 0.75082236875 0.5332031234375 0.8378906265625
5 0.6123046859375 0.4952713828125 0.5576171859375 0.522409540625 0.5371093765625 0.568770559375 0.5605468765625 0.623046875 0.5947265625 0.6060855265625 0.6123046859375 0.630962171875 0.6445312484375 0.629831415625 0.6523437515625 0.5891241765624999 0.640625 0.568770559375 0.6679687515625 0.539370890625 0.6123046859375 0.4952713828125
5 0.4560546859375 0.5043174359375 0.3935546859375 0.5359786171875001 0.3808593765625 0.5778166125 0.4072265625 0.62643914375 0.4628906234375 0.634354440625 0.4960937515625 0.632092928125 0.5078125 0.5529399671874999 0.4892578140625 0.5178865125 0.4560546859375 0.5043174359375
5 0.3808593765625 0.7926603640625001 0.3964843765625 0.8265830578125 0.4882812484375 0.8627672671875001 0.4648437515625 0.7496916125 0.4326171859375 0.728207234375 0.3935546859375 0.7327302625 0.3808593765625 0.7926603640625001
5 0.3222656234375 0.8559827328124999 0.3027343765625 0.7700452296875 0.2373046859375 0.7214226984375001 0.2480468765625 0.8311060859375001 0.3222656234375 0.8559827328124999
5 0.09179687656249999 0.5778166125 0.09765624843750001 0.623046875 0.1279296859375 0.6106085546875 0.1953125 0.6366159515625001 0.1875 0.5190172671875 0.1318359375 0.520148028125 0.1289062484375 0.555201478125 0.09179687656249999 0.5778166125
5 0.2626953140625 0.49753289531249995 0.2460937515625 0.51449424375 0.2324218765625 0.6026932578124999 0.2548828140625 0.6287006609375 0.2949218765625 0.6366159515625001 0.3515625 0.618523846875 0.3457031234375 0.5597245078124999 0.3134765625 0.5043174359375 0.2626953140625 0.49753289531249995
5 0.11230468593750001 0.7304687515625 0.1025390625 0.70333059375 0.06738281406249999 0.7146381578125001 0.0224609375 0.696546053125 0.019531248437500003 0.751953125 0.035156248437499996 0.758737665625 0.0400390625 0.79605263125 0.0625 0.7926603640625001 0.07226562343750001 0.851459703125 0.10449218593750001 0.84354440625 0.1367187515625 0.865028784375 0.1816406234375 0.8288445734375 0.1464843765625 0.7677837171874999 0.15625 0.740645559375 0.11230468593750001 0.7304687515625