5 0.8203125 0.8156866796875001 0.8242187515625 0.8857935843750001 0.8662109375 0.9525082250000001 0.9169921859375 0.9796463828125 0.9785156234375 0.9785156265625 0.9863281234375 0.9129317421875 0.9677734375 0.8801398031250001 0.9287109375 0.8462171046875 0.8203125 0.8156866796875001
5 0.7714843765625 0.946854440625 0.7714843765625 0.8541324015624999 0.7402343765625 0.817948190625 0.7294921859375 0.84395559375 0.6943359375 0.8236019718750001 0.6503906234375 0.8315172671875001 0.6523437515625 0.8790090484374999 0.6738281234375 0.9038856890625 0.6542968765625 0.9265008234375 0.6767578140625 0.9502467078124999 0.7714843765625 0.946854440625
5 0.6005859375 0.98643091875 0.6347656234375 0.9739925984375001 0.6210937515625 0.92197779375 0.5869140625 0.884662828125 0.46875 0.822471215625 0.5458984375 0.9638157890624999 0.6005859375 0.98643091875
5 0.3339843765625 0.8156866796875001 0.3261718765625 0.8790090484374999 0.3398437515625 0.9265008234375 0.3818359375 0.943462171875 0.4130859375 0.9253700671875 0.4335937515625 0.8948396359374999 0.4316406234375 0.8496093734375 0.3916015625 0.8190789468749999 0.3339843765625 0.8156866796875001
5 0.2734375 0.8971011531249999 0.28125 0.836040296875 0.2460937515625 0.8134251625 0.1640625 0.822471215625 0.2080078140625 0.932154603125 0.2734375 0.8971011531249999
5 0.03125 0.90614720625 0.0615234375 0.9683388140625 0.1005859375 0.9683388140625 0.1542968765625 0.9084087171874999 0.1523437515625 0.8609169421875 0.1259765625 0.8394325640625 0.021484376562499997 0.820209703125 0.03125 0.90614720625
5 0.8447265625 0.6992187515625 0.9111328140625 0.7354029625 0.953125 0.7297491765624999 0.9072265625 0.615542765625 0.8183593765625 0.5963199 0.8222656234375 0.65738075625 0.8447265625 0.6992187515625
5 0.7451171859375 0.7218338796875 0.7792968765625 0.711657071875 0.7734375 0.6709498375 0.7373046859375 0.617804278125 0.6523437515625 0.591796875 0.7001953140625 0.694695721875 0.7451171859375 0.7218338796875
5 0.6542968765625 0.73427220625 0.6503906234375 0.695826478125 0.6181640625 0.6517269765625 0.5283203140625 0.59292763125 0.4941406234375 0.591796875 0.5830078140625 0.703741775 0.6542968765625 0.73427220625
5 0.4423828140625 0.5974506609375 0.4042968765625 0.5940583875 0.3798828140625 0.59518914375 0.359375 0.6279810859375 0.3554687515625 0.6913034546875 0.4013671859375 0.7489720375 0.4365234375 0.75123355 0.4765625 0.725226153125 0.4824218765625 0.6528577328125 0.4423828140625 0.5974506609375
5 0.2089843765625 0.713918584375 0.2607421859375 0.7557565796875 0.3037109375 0.7467105265625 0.3300781234375 0.7003495078124999 0.3222656234375 0.6370271390625 0.2724609375 0.604235196875 0.1757812484375 0.591796875 0.2089843765625 0.713918584375
5 0.019531248437500003 0.600842928125 0.035156248437499996 0.6822574015625 0.0771484375 0.71731085625 0.1923828140625 0.7444490140625 0.1308593765625 0.616673521875 0.1025390625 0.5906661203125 0.0566406234375 0.585012334375 0.019531248437500003 0.600842928125
5 0.0234375 0.367907071875 0.0566406234375 0.444798521875 0.09570312343750001 0.476459703125 0.078125 0.5058593734375 0.11425781406249999 0.4979440765625 0.1386718765625 0.4561060859375 0.1328125 0.40861431093749995 0.11230468593750001 0.427837171875 0.0234375 0.367907071875
5 0.2988281234375 0.419921875 0.28125 0.413137334375 0.2695312484375 0.3724301 0.2412109375 0.3916529625 0.203125 0.367907071875 0.1992187515625 0.4176603640625 0.1621093765625 0.42896792812499995 0.1660156234375 0.4538445734375 0.1914062484375 0.46741365 0.1894531234375 0.490028784375 0.2333984375 0.4979440765625 0.2861328140625 0.4708059234375 0.2988281234375 0.419921875
5 0.015625 0.13723273281249998 0.0927734375 0.24917763124999998 0.1855468765625 0.2819695734375 0.1357421859375 0.21751645000000003 0.015625 0.13723273281249998
5 0.1894531234375 0.132709703125 0.1992187515625 0.2028166125 0.2333984375 0.255962171875 0.2919921859375 0.2831003296875 0.3417968765625 0.2797080578125 0.3398437515625 0.21864720625 0.3095703140625 0.1745476984375 0.2509765625 0.136101971875 0.1894531234375 0.132709703125
5 0.4189453140625 0.24917763124999998 0.4638671859375 0.24917763124999998 0.4667968765625 0.1621093734375 0.4345703140625 0.1383634875 0.3789062484375 0.134971215625 0.3886718765625 0.2276932578125 0.4189453140625 0.24917763124999998
5 0.4052734375 0.3939144734375 0.3876953140625 0.369037828125 0.3554687515625 0.370168584375 0.3476562484375 0.4108758234375 0.359375 0.431229440625 0.3320312484375 0.460629109375 0.3876953140625 0.5047286171875001 0.4423828140625 0.477590459375 0.4628906234375 0.431229440625 0.4394531234375 0.376953125 0.4052734375 0.3939144734375
5 0.5371093765625 0.365645559375 0.5039062484375 0.367907071875 0.4921875 0.4470600328125 0.5107421859375 0.48211348750000005 0.5439453140625 0.49568256406250005 0.6064453140625 0.4640213828125 0.6191406234375 0.42218338749999995 0.5927734375 0.37356085625 0.5371093765625 0.365645559375
5 0.5673828140625 0.271792765625 0.6064453140625 0.2672697375 0.6191406234375 0.20733963593750002 0.6035156234375 0.17341694218749998 0.5117187515625 0.13723273281249998 0.5351562484375 0.2503083875 0.5673828140625 0.271792765625
5 0.6777343765625 0.14401726718750002 0.6972656234375 0.2299547703125 0.7626953140625 0.2785773015625 0.7519531234375 0.1688939140625 0.6777343765625 0.14401726718750002
5 0.8125 0.48098273281250004 0.8681640625 0.47985197187499995 0.8710937515625 0.444798521875 0.9082031234375 0.42218338749999995 0.9023437515625 0.376953125 0.8720703140625 0.3893914453125 0.8046875 0.3633840484375 0.8125 0.48098273281250004
5 0.7050781234375 0.3633840484375 0.6484375 0.381476153125 0.6542968765625 0.4402754921875 0.6865234375 0.49568256406250005 0.7373046859375 0.5024671046875 0.7539062484375 0.48550575625 0.7675781234375 0.3973067421875 0.7451171859375 0.3712993390625 0.7050781234375 0.3633840484375
5 0.9804687515625 0.248046875 0.9648437515625 0.241262334375 0.9599609375 0.20394736875000002 0.9375 0.20733963593750002 0.9277343765625 0.148540296875 0.8955078140625 0.15645559375 0.8632812484375 0.134971215625 0.8183593765625 0.1711554265625 0.8535156234375 0.2322162828125 0.84375 0.259354440625 0.8876953140625 0.2695312484375 0.8974609375 0.29666940625 0.9326171859375 0.2853618421875 0.9775390625 0.303453946875 0.9804687515625 0.248046875