5 0.8738839265625 0.01171875 0.84673819375 0.076171875 0.789314515625 0.0556640609375 0.83525345625 0.12011718906249999 0.8070636500000001 0.154296875 0.8697076593749999 0.142578125 0.9333957375 0.1533203109375 0.908338134375 0.11425781093750001 0.9469686078124999 0.0546875 0.892677134375 0.080078125 0.8738839265625 0.01171875
5 0.7089213734375 0.076171875 0.6943044328125 0.017578125 0.6608942953125 0.072265625 0.6180875578125 0.0556640609375 0.641057028125 0.12011718906249999 0.6149553546875001 0.154296875 0.6859518984374999 0.14453125 0.755904378125 0.1572265609375 0.7224942390625 0.11621093906249999 0.74755184375 0.09472656093750001 0.7548603140625 0.056640625 0.7089213734375 0.076171875
5 0.8248127875 0.2978515609375 0.8446500546875001 0.3203125 0.908338134375 0.3251953109375 0.925043203125 0.2783203109375 0.8759720640624999 0.20703125 0.8394297234374999 0.2470703109375 0.8248127875 0.2978515609375
5 0.745463709375 0.2236328109375 0.7235383046874999 0.20703125 0.7047451062500001 0.267578125 0.6692468296875 0.2421875 0.6598502296875 0.2568359390625 0.6702908984375 0.2861328109375 0.7308467734375 0.3310546890625 0.7767857140625 0.2958984390625 0.7934907828125 0.2451171890625 0.7485959078125 0.265625 0.745463709375 0.2236328109375
5 0.5533554140625 0.2783203109375 0.55753168125 0.3251953109375 0.5930299546875 0.3466796890625 0.6452332953125001 0.2958984390625 0.6452332953125001 0.2705078109375 0.602426553125 0.21484375 0.5533554140625 0.2783203109375
5 0.3173963140625 0.08691406093750001 0.32888105 0.1015625 0.3779521890625 0.10253906093750001 0.40092165937499996 0.047851560937499996 0.3497623875 0.013671875 0.3132200453125 0.047851560937499996 0.3173963140625 0.08691406093750001
5 0.2056811609375 0.154296875 0.2526641703125 0.1572265609375 0.275633640625 0.10644531093750001 0.2370031703125 0.01953125 0.177491359375 0.11816406093750001 0.2056811609375 0.154296875
5 0.0292338703125 0.3037109390625 0.0407186078125 0.330078125 0.08561347968750001 0.3408203109375 0.128420221875 0.330078125 0.144081221875 0.3076171890625 0.09083381562500001 0.2265625 0.0292338703125 0.3037109390625
5 0.1712269578125 0.2744140609375 0.18584389375000002 0.3271484390625 0.21298963125 0.3447265609375 0.2443116359375 0.2666015609375 0.209857428125 0.2109375 0.18375576093749998 0.2314453109375 0.1712269578125 0.2744140609375
5 0.287118378125 0.32421875 0.3528945859375 0.3251953109375 0.3675115203125 0.2861328109375 0.3226166453125 0.205078125 0.2693692390625 0.3056640609375 0.287118378125 0.32421875
5 0.286074309375 0.4326171890625 0.286074309375 0.4716796890625 0.329925115625 0.5126953109375 0.3591589859375 0.4873046890625 0.363335253125 0.4482421890625 0.318440378125 0.3984375 0.286074309375 0.4326171890625
5 0.417626728125 0.5009765609375 0.4405961984375 0.5205078109375 0.46356566875 0.4833984390625 0.445816534375 0.39453125 0.41553859375 0.4619140609375 0.417626728125 0.5009765609375
5 0.5345622125 0.4697265609375 0.5742367515625 0.5146484390625 0.603470621875 0.4521484390625 0.571104553125 0.375 0.5408266125 0.4189453109375 0.5345622125 0.4697265609375
5 0.8373415906250001 0.4130859390625 0.8248127875 0.4697265609375 0.84673819375 0.505859375 0.8853686640625 0.5107421890625 0.914602534375 0.4951171890625 0.925043203125 0.4541015609375 0.87806019375 0.376953125 0.8373415906250001 0.4130859390625
5 0.6744671656250001 0.4462890609375 0.6702908984375 0.4794921890625 0.6943044328125 0.50390625 0.745463709375 0.5068359390625 0.7663450453125 0.4931640609375 0.772609446875 0.4580078109375 0.7256264421874999 0.380859375 0.6744671656250001 0.4462890609375
5 0.7506840453125 0.564453125 0.7245823734375 0.6083984390625 0.7245823734375 0.6552734390625 0.746507778125 0.6875 0.7767857140625 0.6923828109375 0.799755184375 0.6669921890625 0.8018433187499999 0.6005859390625 0.7820060453125001 0.564453125 0.7506840453125 0.564453125
5 0.8561347921875001 0.6513671890625 0.8665754609375 0.6982421890625 0.897897465625 0.7138671890625 0.931307603125 0.6904296890625 0.9271313359375 0.6083984390625 0.90102966875 0.568359375 0.8561347921875001 0.6513671890625
5 0.64836549375 0.55859375 0.61704349375 0.578125 0.5898977515625 0.560546875 0.5805011515625 0.6005859390625 0.5450028796875 0.6083984390625 0.57736895 0.662109375 0.630616359375 0.6748046890625 0.6640264984375001 0.6572265609375 0.6869959671875 0.6025390609375 0.6556739625 0.5966796890625 0.64836549375 0.55859375
5 0.4499928015625 0.560546875 0.42806739687500006 0.6591796890625 0.46983006875 0.7001953109375 0.49697580625000004 0.6708984390625 0.49697580625000004 0.6376953109375 0.4760944703125 0.5771484390625 0.4499928015625 0.560546875
5 0.33305731875 0.578125 0.3048675109375 0.6123046890625 0.302779378125 0.6513671890625 0.35498271875 0.6923828109375 0.3883928578125 0.6650390609375 0.390480990625 0.6298828109375 0.36646745625 0.580078125 0.33305731875 0.578125
5 0.21820996250000002 0.580078125 0.2077693 0.560546875 0.17018289375 0.560546875 0.144081221875 0.5888671890625 0.2067252296875 0.6435546890625 0.2171658984375 0.7080078109375 0.221342165625 0.6455078109375 0.286074309375 0.5869140609375 0.24326756718749998 0.560546875 0.21820996250000002 0.580078125
5 0.1712269578125 0.4052734390625 0.15243375625 0.4541015609375 0.15869815625 0.4951171890625 0.19837269531249999 0.5283203109375 0.24013536875 0.4794921890625 0.2359591015625 0.4306640609375 0.20359303281250002 0.3984375 0.1712269578125 0.4052734390625
5 0.0814372125 0.7041015609375 0.10231854843749999 0.6416015609375 0.074128746875 0.5625 0.056379607812499996 0.6748046890625 0.0814372125 0.7041015609375
5 0.407186059375 0.7919921890625 0.39256912499999996 0.8525390609375 0.41240639687499997 0.87890625 0.4740063359375 0.8798828109375 0.5032402078125 0.8623046890625 0.505328340625 0.8310546890625 0.443728396875 0.7578125 0.407186059375 0.7919921890625