5 0.091661865625 0.11425781093750001 0.0666042625 0.1533203109375 0.130292340625 0.142578125 0.19293635 0.154296875 0.16474654375 0.12011718906249999 0.21068548437499998 0.0556640609375 0.15326180625000002 0.076171875 0.1261160734375 0.01171875 0.107322865625 0.080078125 0.053031392187500005 0.0546875 0.091661865625 0.11425781093750001
5 0.2775057609375 0.11621093906249999 0.24409562187499997 0.1572265609375 0.31404810156249996 0.14453125 0.3850446453125 0.154296875 0.358942971875 0.12011718906249999 0.3819124421875 0.0556640609375 0.3391057046875 0.072265625 0.3056955671875 0.017578125 0.2910786265625 0.076171875 0.2451396859375 0.056640625 0.25244815625 0.09472656093750001 0.2775057609375 0.11621093906249999
5 0.074956796875 0.2783203109375 0.091661865625 0.3251953109375 0.1553499453125 0.3203125 0.1751872125 0.2978515609375 0.1605702765625 0.2470703109375 0.12402793593749999 0.20703125 0.074956796875 0.2783203109375
5 0.2232142859375 0.2958984390625 0.26915322656249996 0.3310546890625 0.3297091015625 0.2861328109375 0.3401497703125 0.2568359390625 0.3307531703125 0.2421875 0.29525489375 0.267578125 0.2764616953125 0.20703125 0.254536290625 0.2236328109375 0.2514040921875 0.265625 0.20650921718749998 0.2451171890625 0.2232142859375 0.2958984390625
5 0.3547667046875 0.2958984390625 0.4069700453125 0.3466796890625 0.44246831875000003 0.3251953109375 0.4466445859375 0.2783203109375 0.39757344687499996 0.21484375 0.3547667046875 0.2705078109375 0.3547667046875 0.2958984390625
5 0.599078340625 0.047851560937499996 0.6220478109375 0.10253906093750001 0.67111895 0.1015625 0.6826036859375 0.08691406093750001 0.6867799546875 0.047851560937499996 0.6502376125 0.013671875 0.599078340625 0.047851560937499996
5 0.724366359375 0.10644531093750001 0.7473358296875 0.1572265609375 0.7943188390625 0.154296875 0.822508640625 0.11816406093750001 0.7629968296875 0.01953125 0.724366359375 0.10644531093750001
5 0.871579778125 0.330078125 0.9143865203124999 0.3408203109375 0.9592813921875001 0.330078125 0.9707661296874999 0.3037109390625 0.909166184375 0.2265625 0.855918778125 0.3076171890625 0.871579778125 0.330078125
5 0.7556883640625001 0.2666015609375 0.7870103687500001 0.3447265609375 0.8141561062499999 0.3271484390625 0.8287730421875 0.2744140609375 0.8162442390625 0.2314453109375 0.7901425718749999 0.2109375 0.7556883640625001 0.2666015609375
5 0.6324884796875 0.2861328109375 0.6471054140625 0.3251953109375 0.712881621875 0.32421875 0.7306307609375 0.3056640609375 0.6773833546875 0.205078125 0.6324884796875 0.2861328109375
5 0.6408410140624999 0.4873046890625 0.670074884375 0.5126953109375 0.713925690625 0.4716796890625 0.713925690625 0.4326171890625 0.681559621875 0.3984375 0.636664746875 0.4482421890625 0.6408410140624999 0.4873046890625
5 0.53643433125 0.4833984390625 0.5594038015625 0.5205078109375 0.582373271875 0.5009765609375 0.58446140625 0.4619140609375 0.554183465625 0.39453125 0.53643433125 0.4833984390625
5 0.396529378125 0.4521484390625 0.42576324843749996 0.5146484390625 0.4654377875 0.4697265609375 0.45917338750000003 0.4189453109375 0.42889544687500003 0.375 0.396529378125 0.4521484390625
5 0.085397465625 0.4951171890625 0.1146313359375 0.5107421890625 0.15326180625000002 0.505859375 0.1751872125 0.4697265609375 0.162658409375 0.4130859390625 0.12193980625 0.376953125 0.074956796875 0.4541015609375 0.085397465625 0.4951171890625
5 0.23365495468750003 0.4931640609375 0.254536290625 0.5068359390625 0.3056955671875 0.50390625 0.3297091015625 0.4794921890625 0.325532834375 0.4462890609375 0.2743735578125 0.380859375 0.227390553125 0.4580078109375 0.23365495468750003 0.4931640609375
5 0.200244815625 0.6669921890625 0.2232142859375 0.6923828109375 0.253492221875 0.6875 0.2754176265625 0.6552734390625 0.2754176265625 0.6083984390625 0.24931595468749998 0.564453125 0.2179939546875 0.564453125 0.19815668125000002 0.6005859390625 0.200244815625 0.6669921890625
5 0.06869239687499999 0.6904296890625 0.10210253437500001 0.7138671890625 0.1334245390625 0.6982421890625 0.1438652078125 0.6513671890625 0.09897033125 0.568359375 0.0728686640625 0.6083984390625 0.06869239687499999 0.6904296890625
5 0.3359735015625 0.6572265609375 0.369383640625 0.6748046890625 0.42263105 0.662109375 0.45499712031249995 0.6083984390625 0.4194988484375 0.6005859390625 0.4101022484375 0.560546875 0.38295650625 0.578125 0.35163450625000003 0.55859375 0.3443260375 0.5966796890625 0.3130040328125 0.6025390609375 0.3359735015625 0.6572265609375
5 0.50302419375 0.6708984390625 0.53016993125 0.7001953109375 0.5719326031249999 0.6591796890625 0.5500071984375 0.560546875 0.5239055296874999 0.5771484390625 0.50302419375 0.6376953109375 0.50302419375 0.6708984390625
5 0.6116071421875 0.6650390609375 0.64501728125 0.6923828109375 0.697220621875 0.6513671890625 0.6951324890625 0.6123046890625 0.66694268125 0.578125 0.63353254375 0.580078125 0.609519009375 0.6298828109375 0.6116071421875 0.6650390609375
5 0.7786578343749999 0.6455078109375 0.7828341015625 0.7080078109375 0.7932747703125 0.6435546890625 0.855918778125 0.5888671890625 0.8298171062499999 0.560546875 0.7922307 0.560546875 0.7817900375 0.580078125 0.7567324328125 0.560546875 0.713925690625 0.5869140609375 0.7786578343749999 0.6455078109375
5 0.7598646312499999 0.4794921890625 0.8016273046875 0.5283203109375 0.84130184375 0.4951171890625 0.84756624375 0.4541015609375 0.8287730421875 0.4052734390625 0.7964069671875 0.3984375 0.7640408984375 0.4306640609375 0.7598646312499999 0.4794921890625
5 0.8976814515625 0.6416015609375 0.9185627875 0.7041015609375 0.9436203921875 0.6748046890625 0.925871253125 0.5625 0.8976814515625 0.6416015609375
5 0.4967597921875 0.8623046890625 0.5259936640625 0.8798828109375 0.587593603125 0.87890625 0.607430875 0.8525390609375 0.5928139406249999 0.7919921890625 0.556271603125 0.7578125 0.49467165937499996 0.8310546890625 0.4967597921875 0.8623046890625