5 0.9443359390625 0.789314515625 0.8798828109375 0.83525345625 0.845703125 0.8070636500000001 0.857421875 0.8697076593749999 0.8466796890625 0.9333957375 0.8857421890625 0.908338134375 0.9453125 0.9469686078124999 0.919921875 0.892677134375 0.98828125 0.8738839265625 0.923828125 0.84673819375 0.9443359390625 0.789314515625
5 0.927734375 0.6608942953125 0.9443359390625 0.6180875578125 0.8798828109375 0.641057028125 0.845703125 0.6149553546875001 0.85546875 0.6859518984374999 0.8427734390625 0.755904378125 0.8837890609375 0.7224942390625 0.9052734390625 0.74755184375 0.943359375 0.7548603140625 0.923828125 0.7089213734375 0.982421875 0.6943044328125 0.927734375 0.6608942953125
5 0.6748046890625 0.908338134375 0.7216796890625 0.925043203125 0.79296875 0.8759720640624999 0.7529296890625 0.8394297234374999 0.7021484390625 0.8248127875 0.6796875 0.8446500546875001 0.6748046890625 0.908338134375
5 0.732421875 0.7047451062500001 0.7578125 0.6692468296875 0.7431640609375 0.6598502296875 0.7138671890625 0.6702908984375 0.6689453109375 0.7308467734375 0.7041015609375 0.7767857140625 0.7548828109375 0.7934907828125 0.734375 0.7485959078125 0.7763671890625 0.745463709375 0.79296875 0.7235383046874999 0.732421875 0.7047451062500001
5 0.6533203109375 0.5930299546875 0.7041015609375 0.6452332953125001 0.7294921890625 0.6452332953125001 0.78515625 0.602426553125 0.7216796890625 0.5533554140625 0.6748046890625 0.55753168125 0.6533203109375 0.5930299546875
5 0.8974609390625 0.3779521890625 0.9521484390625 0.40092165937499996 0.986328125 0.3497623875 0.9521484390625 0.3132200453125 0.9130859390625 0.3173963140625 0.8984375 0.32888105 0.8974609390625 0.3779521890625
5 0.8935546890625 0.275633640625 0.98046875 0.2370031703125 0.8818359390625 0.177491359375 0.845703125 0.2056811609375 0.8427734390625 0.2526641703125 0.8935546890625 0.275633640625
5 0.6591796890625 0.08561347968750001 0.669921875 0.128420221875 0.6923828109375 0.144081221875 0.7734375 0.09083381562500001 0.6962890609375 0.0292338703125 0.669921875 0.0407186078125 0.6591796890625 0.08561347968750001
5 0.6552734390625 0.21298963125 0.7333984390625 0.2443116359375 0.7890625 0.209857428125 0.7685546890625 0.18375576093749998 0.7255859390625 0.1712269578125 0.6728515609375 0.18584389375000002 0.6552734390625 0.21298963125
5 0.7138671890625 0.3675115203125 0.794921875 0.3226166453125 0.6943359390625 0.2693692390625 0.67578125 0.287118378125 0.6748046890625 0.3528945859375 0.7138671890625 0.3675115203125
5 0.4873046890625 0.329925115625 0.5126953109375 0.3591589859375 0.5517578109375 0.363335253125 0.6015625 0.318440378125 0.5673828109375 0.286074309375 0.5283203109375 0.286074309375 0.4873046890625 0.329925115625
5 0.5166015609375 0.46356566875 0.60546875 0.445816534375 0.5380859390625 0.41553859375 0.4990234390625 0.417626728125 0.4794921890625 0.4405961984375 0.5166015609375 0.46356566875
5 0.5478515609375 0.603470621875 0.625 0.571104553125 0.5810546890625 0.5408266125 0.5302734390625 0.5345622125 0.4853515609375 0.5742367515625 0.5478515609375 0.603470621875
5 0.494140625 0.84673819375 0.4892578109375 0.8853686640625 0.5048828109375 0.914602534375 0.5458984390625 0.925043203125 0.623046875 0.87806019375 0.5869140609375 0.8373415906250001 0.5302734390625 0.8248127875 0.494140625 0.84673819375
5 0.49609375 0.6943044328125 0.4931640609375 0.745463709375 0.5068359390625 0.7663450453125 0.5419921890625 0.772609446875 0.619140625 0.7256264421874999 0.5537109390625 0.6744671656250001 0.5205078109375 0.6702908984375 0.49609375 0.6943044328125
5 0.3447265609375 0.7245823734375 0.3125 0.746507778125 0.3076171890625 0.7767857140625 0.3330078109375 0.799755184375 0.3994140609375 0.8018433187499999 0.435546875 0.7820060453125001 0.435546875 0.7506840453125 0.3916015609375 0.7245823734375 0.3447265609375 0.7245823734375
5 0.2861328109375 0.897897465625 0.3095703109375 0.931307603125 0.3916015609375 0.9271313359375 0.431640625 0.90102966875 0.3486328109375 0.8561347921875001 0.3017578109375 0.8665754609375 0.2861328109375 0.897897465625
5 0.439453125 0.5898977515625 0.3994140609375 0.5805011515625 0.3916015609375 0.5450028796875 0.337890625 0.57736895 0.3251953109375 0.630616359375 0.3427734390625 0.6640264984375001 0.3974609390625 0.6869959671875 0.4033203109375 0.6556739625 0.44140625 0.64836549375 0.421875 0.61704349375 0.439453125 0.5898977515625
5 0.2998046890625 0.46983006875 0.3291015609375 0.49697580625000004 0.3623046890625 0.49697580625000004 0.4228515609375 0.4760944703125 0.439453125 0.4499928015625 0.3408203109375 0.42806739687500006 0.2998046890625 0.46983006875
5 0.3486328109375 0.302779378125 0.3076171890625 0.35498271875 0.3349609390625 0.3883928578125 0.3701171890625 0.390480990625 0.419921875 0.36646745625 0.421875 0.33305731875 0.3876953109375 0.3048675109375 0.3486328109375 0.302779378125
5 0.439453125 0.17018289375 0.4111328109375 0.144081221875 0.3564453109375 0.2067252296875 0.2919921890625 0.2171658984375 0.3544921890625 0.221342165625 0.4130859390625 0.286074309375 0.439453125 0.24326756718749998 0.419921875 0.21820996250000002 0.439453125 0.2077693 0.439453125 0.17018289375
5 0.5048828109375 0.15869815625 0.4716796890625 0.19837269531249999 0.5205078109375 0.24013536875 0.5693359390625 0.2359591015625 0.6015625 0.20359303281250002 0.5947265609375 0.1712269578125 0.5458984390625 0.15243375625 0.5048828109375 0.15869815625
5 0.4375 0.074128746875 0.3251953109375 0.056379607812499996 0.2958984390625 0.0814372125 0.3583984390625 0.10231854843749999 0.4375 0.074128746875
5 0.12109375 0.41240639687499997 0.12011718906249999 0.4740063359375 0.1376953109375 0.5032402078125 0.1689453109375 0.505328340625 0.2421875 0.443728396875 0.2080078109375 0.407186059375 0.1474609390625 0.39256912499999996 0.12109375 0.41240639687499997