5 0.3476562484375 0.129322015625 0.3242187515625 0.1003152078125 0.3457031234375 0.0785601046875 0.3193359359375 0.0507619109375 0.2529296875 0.045927445312499995 0.2246093765625 0.06647393124999999 0.2285156234375 0.1559115890625 0.2597656234375 0.19217009375 0.2705078125 0.16678913906249998 0.3056640640625 0.188544246875 0.3496093765625 0.18008392499999998 0.3476562484375 0.129322015625
5 0.021484376562499997 0.020546490625 0.0136718765625 0.09064627187499999 0.0361328125 0.132947865625 0.08691406406249999 0.171623609375 0.1777343765625 0.199421796875 0.1796875 0.1341564796875 0.1357421875 0.053179148437500004 0.0830078125 0.0217551046875 0.021484376562499997 0.020546490625
5 0.5986328125 0.268312965625 0.5654296875 0.2658957328125 0.5253906234375 0.2912766875 0.515625 0.36137647031250003 0.5576171875 0.430267634375 0.5976562484375 0.43389348437499997 0.6220703125 0.430267634375 0.6386718765625 0.4024694453125 0.6445312484375 0.32995243125 0.5986328125 0.268312965625
5 0.6855468765625 0.28644221718749996 0.6679687515625 0.36137647031250003 0.6865234359375 0.39884359375 0.7431640640625 0.4278504015625 0.8242187515625 0.4363107234375 0.8144531234375 0.356542 0.7646484359375 0.27314743125 0.7158203125 0.2610612625 0.6855468765625 0.28644221718749996
5 0.8115234359375 0.2755646640625 0.875 0.41939008437499997 0.9433593765625 0.44356242031250004 0.9804687515625 0.42664178750000004 0.9667968765625 0.3420385984375 0.9208984359375 0.30215423750000003 0.8115234359375 0.2755646640625
5 0.8476562484375 0.0954807375 0.8476562484375 0.146242653125 0.8740234359375 0.171623609375 0.9785156234375 0.19217009375 0.96875 0.102732440625 0.9365234359375 0.0338412765625 0.8994140640625 0.0338412765625 0.8476562484375 0.0954807375
5 0.7265625 0.10998414375000001 0.7207031234375 0.18008392499999998 0.7597656234375 0.199421796875 0.8359375 0.1897528609375 0.8085937515625 0.0882290390625 0.7861328125 0.0700997828125 0.7265625 0.10998414375000001
5 0.9765625 0.9125058015624999 0.9169921875 0.8121905937499999 0.8144531234375 0.7674717671875 0.8720703125 0.843614634375 0.9765625 0.9125058015624999
5 0.8779296875 0.543877628125 0.8613281234375 0.5813447578125001 0.8652343765625 0.6296894359375 0.8896484359375 0.6163946484375 0.9667968765625 0.6586962421875 0.9492187515625 0.60551709375 0.90625 0.5595896484375 0.9179687515625 0.5330000796875 0.8779296875 0.543877628125
5 0.2363281234375 0.8520749546875 0.2519531234375 0.89316793125 0.3125 0.9125058015624999 0.3203125 0.8834989953125 0.3027343765625 0.8230681484375 0.2373046875 0.7735148515625 0.2363281234375 0.8520749546875
5 0.2226562484375 0.339621365625 0.2607421875 0.40609529687499996 0.34375 0.4363107234375 0.3017578125 0.3287438125 0.2568359359375 0.2997370046875 0.234375 0.308197321875 0.2226562484375 0.339621365625
5 0.09179687656249999 0.6200205000000001 0.09765624843750001 0.665947940625 0.1298828125 0.6550703906249999 0.1953125 0.680451346875 0.1855468765625 0.557172415625 0.1337890640625 0.5559638015624999 0.1269531234375 0.593430925 0.09179687656249999 0.6200205000000001
5 0.5654296875 0.92096611875 0.6210937515625 0.9245919703125001 0.609375 0.8230681484375 0.5322265640625 0.800104425 0.53125 0.8907506984375001 0.5654296875 0.92096611875
5 0.3925781234375 0.8762472921875 0.484375 0.9197575046875001 0.4667968765625 0.8037302765625001 0.4306640640625 0.7783493171875 0.3857421875 0.790435490625 0.3925781234375 0.8762472921875
5 0.3457031234375 0.28885945 0.3496093765625 0.3251179609375 0.3818359359375 0.3722540203125 0.4716796875 0.43751933593750003 0.5019531234375 0.4387279546875 0.5019531234375 0.41939008437499997 0.4189453125 0.3190748765625 0.3759765640625 0.28523360468750003 0.3457031234375 0.28885945
5 0.5888671875 0.077351484375 0.5683593765625 0.10998414375000001 0.5703125 0.1631632875 0.6044921875 0.1909614796875 0.6582031234375 0.19458733125 0.671875 0.1607460546875 0.6621093765625 0.08339456875 0.6318359359375 0.0652653171875 0.5888671875 0.077351484375
5 0.3710937515625 0.061639465625 0.4111328125 0.12086169375 0.5234375 0.17766669375 0.4580078125 0.0435102078125 0.4130859359375 0.019337871875000003 0.375 0.0229637234375 0.3710937515625 0.061639465625
5 0.7685546875 0.5390431640625 0.7138671875 0.5656327328125 0.7011718765625 0.6176032625000001 0.7265625 0.665947940625 0.7607421875 0.6550703906249999 0.7949218765625 0.6756168765624999 0.8027343765625 0.624854965625 0.8339843765625 0.6103515640625 0.8085937515625 0.5499207125 0.7685546875 0.5390431640625
5 0.5556640640625 0.5607982671875 0.5371093765625 0.6030998609375 0.5585937515625 0.661113475 0.6425781234375 0.6731996437500001 0.6425781234375 0.6079343265625 0.6640625 0.571675821875 0.6103515640625 0.529374228125 0.5556640640625 0.5607982671875
5 0.09472656406249999 0.28523360468750003 0.046875 0.2912766875 0.0888671875 0.40609529687499996 0.1660156234375 0.43389348437499997 0.1816406234375 0.43147625312500004 0.1796875 0.3734626390625 0.1533203125 0.3190748765625 0.09472656406249999 0.28523360468750003
5 0.4658203125 0.5390431640625 0.3808593765625 0.593430925 0.3847656234375 0.636941134375 0.4091796875 0.6719910296875 0.4609375 0.6780341140624999 0.4960937515625 0.6731996437500001 0.5097656234375 0.612768796875 0.4980468765625 0.56442411875 0.4658203125 0.5390431640625
5 0.2705078125 0.529374228125 0.2460937515625 0.55233795 0.2324218765625 0.6441928359375 0.2607421875 0.6768254953125 0.296875 0.680451346875 0.3515625 0.661113475 0.3476562484375 0.6103515640625 0.3173828125 0.5414603953125 0.2705078125 0.529374228125
5 0.65625 0.7674717671875 0.65625 0.82548538125 0.6904296875 0.8822903765625 0.7490234359375 0.9233833562499999 0.8085937515625 0.927009203125 0.8046875 0.8641611234375001 0.7646484359375 0.7928527234375 0.7060546875 0.7662631484375 0.65625 0.7674717671875
5 0.11035156406249999 0.7783493171875 0.10253906406249999 0.7565942125 0.022460935937500003 0.749342515625 0.0234375 0.8037302765625001 0.0419921875 0.8484491046875 0.0625 0.8472404843750001 0.07226562343750001 0.9076713312500001 0.1367187515625 0.9197575046875001 0.1796875 0.8883334609375 0.1503906234375 0.8206509109375 0.15625 0.7940613421875 0.11035156406249999 0.7783493171875