5 0.6542968765625 0.9214398953125 0.6806640640625 0.9492380890625001 0.7470703125 0.9540725546875001 0.7753906234375 0.93352606875 0.7714843765625 0.8440884109375 0.7402343765625 0.80782990625 0.7294921875 0.8332108609375 0.6943359359375 0.811455753125 0.6503906234375 0.8199160750000001 0.6523437515625 0.8706779843750001 0.6757812484375 0.8996847921875 0.6542968765625 0.9214398953125
5 0.9638671875 0.867052134375 0.9130859359375 0.828376390625 0.8222656234375 0.8005782031249999 0.8203125 0.8658435203125 0.8642578125 0.9468208515625 0.9169921875 0.9782448953125 0.9785156234375 0.979453509375 0.9863281234375 0.909353728125 0.9638671875 0.867052134375
5 0.4746093765625 0.7087233125 0.484375 0.6386235296875 0.4423828125 0.569732365625 0.4023437515625 0.566106515625 0.3779296875 0.569732365625 0.3613281234375 0.5975305546875 0.3554687515625 0.67004756875 0.4013671875 0.7316870343749999 0.4345703125 0.7341042671875 0.4746093765625 0.7087233125
5 0.3134765640625 0.60115640625 0.2568359359375 0.5721495984375 0.1757812484375 0.5636892765625 0.1855468765625 0.6434580000000001 0.2353515640625 0.72685256875 0.2841796875 0.7389387375 0.3144531234375 0.7135577828125 0.3320312484375 0.6386235296875 0.3134765640625 0.60115640625
5 0.0566406234375 0.5564375796875 0.019531248437500003 0.5733582125 0.033203123437499996 0.6579614015625 0.07910156406249999 0.6978457625 0.1884765640625 0.7244353359375 0.125 0.580609915625 0.0566406234375 0.5564375796875
5 0.1259765640625 0.828376390625 0.021484376562499997 0.80782990625 0.03125 0.8972675593749999 0.06347656406249999 0.9661587234375 0.10058593593750001 0.9661587234375 0.1523437515625 0.9045192625 0.1523437515625 0.853757346875 0.1259765640625 0.828376390625
5 0.2402343765625 0.8005782031249999 0.1640625 0.8102471390625 0.1914062484375 0.9117709609375 0.2138671875 0.9299002171874999 0.2734375 0.89001585625 0.2792968765625 0.8199160750000001 0.2402343765625 0.8005782031249999
5 0.1855468765625 0.2325282328125 0.1279296875 0.156385365625 0.0234375 0.0874941984375 0.0830078125 0.18780940625 0.1855468765625 0.2325282328125
5 0.1347656234375 0.3703105640625 0.11035156406249999 0.38360535156250003 0.033203123437499996 0.3413037578125 0.0507812484375 0.39448290625000004 0.09375 0.44041035156249997 0.08203124843750001 0.46699992031250004 0.1220703125 0.456122371875 0.1386718765625 0.41865524218749994 0.1347656234375 0.3703105640625
5 0.6875 0.0874941984375 0.6796875 0.11650100468749999 0.6972656234375 0.1769318515625 0.7626953125 0.22648514843749998 0.7636718765625 0.1479250453125 0.7480468765625 0.10683206875 0.6875 0.0874941984375
5 0.65625 0.5636892765625 0.6982421875 0.6712561874999999 0.7431640640625 0.7002629953125 0.765625 0.691802678125 0.7773437515625 0.660378634375 0.7392578125 0.593904703125 0.65625 0.5636892765625
5 0.8701171875 0.344929609375 0.8046875 0.31954865312499997 0.8144531234375 0.44282758437499997 0.8662109359375 0.44403619843750003 0.8730468765625 0.406569075 0.9082031234375 0.3799795 0.9023437515625 0.334052059375 0.8701171875 0.344929609375
5 0.390625 0.1769318515625 0.4677734359375 0.199895575 0.46875 0.10924930156249998 0.4345703125 0.07903388125000001 0.3789062484375 0.0754080296875 0.390625 0.1769318515625
5 0.5332031234375 0.1962697234375 0.5693359359375 0.2216506828125 0.6142578125 0.20956450937499999 0.6074218765625 0.1237527078125 0.515625 0.0802424953125 0.5332031234375 0.1962697234375
5 0.6181640640625 0.6277459796875 0.5283203125 0.5624806640625 0.4980468765625 0.5612720453125 0.4980468765625 0.580609915625 0.5810546875 0.6809251234375 0.6240234359375 0.7147663953125 0.6542968765625 0.71114055 0.6503906234375 0.6748820390625 0.6181640640625 0.6277459796875
5 0.4296875 0.8368367125 0.3955078125 0.8090385203125001 0.3417968765625 0.8054126687500001 0.328125 0.8392539453125 0.3378906234375 0.91660543125 0.3681640640625 0.9347346828124999 0.4111328125 0.9226485156249999 0.4316406234375 0.89001585625 0.4296875 0.8368367125
5 0.4765625 0.82233330625 0.5419921875 0.9564897921875 0.5869140640625 0.9806621281250001 0.625 0.9770362765625 0.6289062484375 0.938360534375 0.5888671875 0.87913830625 0.4765625 0.82233330625
5 0.2988281234375 0.38239673750000003 0.2734375 0.334052059375 0.2392578125 0.344929609375 0.2050781234375 0.3243831234375 0.1972656234375 0.375145034375 0.1660156234375 0.3896484359375 0.1914062484375 0.45007928750000004 0.2314453125 0.46095683593750003 0.2861328125 0.43436726718749996 0.2988281234375 0.38239673750000003
5 0.4414062484375 0.338886525 0.3574218765625 0.32680035625000003 0.3574218765625 0.3920656734375 0.3359375 0.428324178125 0.3896484359375 0.470625771875 0.4443359359375 0.4392017328125 0.4628906234375 0.3969001390625 0.4414062484375 0.338886525
5 0.9111328125 0.593904703125 0.8339843765625 0.566106515625 0.8183593765625 0.568523746875 0.8203125 0.6265373609375 0.8466796875 0.6809251234375 0.9052734359375 0.7147663953125 0.953125 0.7087233125 0.9111328125 0.593904703125
5 0.6152343765625 0.363058865625 0.5908203125 0.3280089703125 0.5390625 0.3219658859375 0.5039062484375 0.32680035625000003 0.4902343765625 0.387231203125 0.5019531234375 0.43557588125 0.5341796875 0.46095683593750003 0.6191406234375 0.406569075 0.6152343765625 0.363058865625
5 0.7675781234375 0.3558071640625 0.7392578125 0.3231745046875 0.703125 0.31954865312499997 0.6484375 0.338886525 0.6523437515625 0.3896484359375 0.6826171875 0.4585396046875 0.7294921875 0.470625771875 0.7539062484375 0.44766205000000003 0.7675781234375 0.3558071640625
5 0.3095703125 0.1177096234375 0.2509765640625 0.07661664375 0.1914062484375 0.072990796875 0.1953125 0.1358388765625 0.2353515640625 0.20714727656249998 0.2939453125 0.23373685156250001 0.34375 0.2325282328125 0.34375 0.17451461875000002 0.3095703125 0.1177096234375
5 0.9775390640625 0.250657484375 0.9765625 0.1962697234375 0.9580078125 0.1515508953125 0.9375 0.152759515625 0.9277343765625 0.09232866875 0.8632812484375 0.0802424953125 0.8203125 0.11166653906249999 0.8496093765625 0.1793490890625 0.84375 0.20593865781249998 0.8896484359375 0.2216506828125 0.8974609359375 0.24340578750000003 0.9775390640625 0.250657484375