5 0.9078693015624999 0.3164062484375 0.9245157046875001 0.3291015640625 0.905308315625 0.3476562484375 0.8707350109374999 0.3466796890625 0.8809789546875001 0.3662109375 0.8528081171874999 0.4013671875 0.8720155046875 0.4257812484375 0.91683275 0.3916015640625 0.9181132390625001 0.3652343734375 0.9590890046875 0.3867187515625 0.9795768875 0.376953125 0.973174428125 0.3408203109375 0.9347596484375 0.3232421875 0.9386011218749999 0.2871093734375 0.8604910718750001 0.2998046890625 0.8694545203124999 0.3242187515625 0.9078693015624999 0.3164062484375
5 0.9616499890625001 0.8164062484375 0.9693329484375001 0.8046875015625 0.9398816171875 0.7373046890625 0.8489666375 0.6992187515625 0.8451251578125 0.7470703109375 0.8681740250000001 0.7939453109375 0.920674225 0.814453125 0.9616499890625001 0.8164062484375
5 0.9181132390625001 0.2539062484375 0.9360401375 0.1835937515625 0.884820434375 0.1484375015625 0.8207958015625 0.1816406265625 0.8092713671875 0.1982421875 0.8374422046875001 0.2509765640625 0.8771374749999999 0.265625 0.9181132390625001 0.2539062484375
5 0.773417571875 0.6005859375 0.79518594375 0.529296875 0.6568927390625 0.546875 0.6607342140625 0.6025390625 0.702990475 0.609375 0.73628328125 0.6445312484375 0.7849420046875 0.6367187515625 0.773417571875 0.6005859375
5 0.746527225 0.2265624984375 0.73244180625 0.1787109375 0.6466487953125 0.138671875 0.6197584484374999 0.1943359375 0.6607342140625 0.2548828125 0.73628328125 0.2890624984375 0.746527225 0.2265624984375
5 0.152378628125 0.466796875 0.18439094375 0.4345703109375 0.1933543921875 0.376953125 0.14213468437500001 0.3710937515625 0.07298808125 0.390625 0.04353675 0.4228515640625 0.046097734375 0.4658203109375 0.083232025 0.484375 0.152378628125 0.466796875
5 0.44305046406250004 0.2802734359375 0.47506278125 0.3046875015625 0.5237215 0.3066406265625 0.5570143109375 0.3339843734375 0.535245934375 0.3076171875 0.55317283125 0.2744140625 0.5480508625 0.2216796890625 0.434087015625 0.169921875 0.42512356562500003 0.2373046890625 0.44305046406250004 0.2802734359375
5 0.46866031562500005 0.4248046890625 0.46866031562500005 0.4697265640625 0.49427016874999996 0.5107421875 0.51859953125 0.5253906265625 0.5224410109375001 0.4853515640625 0.57238021875 0.4941406265625 0.57238021875 0.46875 0.5147580515625 0.4072265640625 0.555733815625 0.3935546890625 0.44176996874999996 0.3554687515625 0.42512356562500003 0.4384765640625 0.43152603125000005 0.4472656265625 0.46866031562500005 0.4248046890625
5 0.3867087859375 0.4150390625 0.39823321875 0.375 0.38286730625 0.294921875 0.27914740312499997 0.3447265640625 0.2637814890625 0.3818359375 0.27914740312499997 0.4345703109375 0.3623794234375 0.4296875015625 0.3867087859375 0.4150390625
5 0.710673428125 0.720703125 0.686344071875 0.7392578125 0.6684171734375 0.7802734359375 0.7157953984375001 0.8378906265625 0.759332153125 0.8476562484375 0.8310397390625001 0.814453125 0.7964664390625 0.7841796890625 0.8195153062499999 0.7646484359375 0.8156738265625 0.7304687515625 0.7695760921875 0.7265624984375 0.7439662390625 0.7402343734375 0.710673428125 0.720703125
5 0.8707350109374999 0.5634765640625 0.8835399390625 0.6376953109375 0.928357184375 0.6679687515625 0.96549146875 0.6650390625 0.9296376734375 0.6103515640625 0.9450035874999999 0.5927734359375 0.9321986624999999 0.5654296890625 0.9795768875 0.513671875 0.9065888062499999 0.5087890625 0.92195471875 0.4580078125 0.9001863421875 0.4453124984375 0.8425641734375 0.5322265640625 0.8451251578125 0.5537109375 0.8707350109374999 0.5634765640625
5 0.1318907453125 0.6367187515625 0.1920738984375 0.6103515640625 0.1984763625 0.5742187515625 0.18439094375 0.5322265640625 0.14213468437500001 0.498046875 0.0665856171875 0.5400390625 0.040975765625 0.5849609375 0.065305128125 0.6191406265625 0.1318907453125 0.6367187515625
5 0.42640405625 0.6679687515625 0.29835479062500003 0.638671875 0.25609853125000004 0.6806640625 0.24841557656250002 0.7314453109375 0.3239646421875 0.7617187515625 0.385428290625 0.7539062484375 0.42640405625 0.6679687515625
5 0.22024473906250003 0.09667968906249999 0.254818040625 0.1347656265625 0.326525628125 0.1503906265625 0.3598184390625 0.109375 0.40463568437499997 0.1044921875 0.40847715781250005 0.06835937343750001 0.35469646875 0.0253906265625 0.3316476015625 0.041015626562500004 0.249696071875 0.013671875 0.24073262187500002 0.0556640625 0.2612205046875 0.08105468906249999 0.22024473906250003 0.09667968906249999
5 0.22536670937499997 0.5146484359375 0.2432936078125 0.5498046890625 0.22024473906250003 0.5556640625 0.26250099531250004 0.623046875 0.2881108515625 0.611328125 0.3482940046875 0.6279296890625 0.3073182390625 0.5966796890625 0.381586815625 0.5615234359375 0.4110381484375 0.4902343734375 0.336769571875 0.501953125 0.3214036578125 0.4609375015625 0.3060377453125 0.4785156265625 0.284269371875 0.4716796890625 0.28042789218749997 0.53125 0.22536670937499997 0.5146484359375
5 0.651770765625 0.9804687515625 0.6171974640625 0.9208984359375 0.5493313515625 0.8671875015625 0.482745734375 0.8691406265625 0.4404894796875 0.9013671875 0.46994080625 0.966796875 0.651770765625 0.9804687515625
5 0.336769571875 0.298828125 0.366220903125 0.2705078125 0.3649404078125 0.2304687515625 0.3290866171875 0.169921875 0.25994001093749997 0.1875 0.20487882656249998 0.2255859375 0.20487882656249998 0.2822265640625 0.254818040625 0.3027343734375 0.336769571875 0.298828125
5 0.491709184375 0.7861328125 0.4456114484375 0.8076171875 0.49042868906250003 0.8476562484375 0.57238021875 0.8476562484375 0.610795 0.8398437515625 0.6466487953125 0.798828125 0.6133559843749999 0.7714843734375 0.5979900765624999 0.7890624984375 0.5762216984374999 0.7216796890625 0.526282484375 0.7070312484375 0.491709184375 0.7353515640625 0.491709184375 0.7861328125
5 0.40847715781250005 0.8671875015625 0.3572574546875 0.798828125 0.27146444375 0.7763671875 0.2535375453125 0.8544921875 0.3034767609375 0.921875 0.38286730625 0.9570312484375 0.40847715781250005 0.8671875015625
5 0.7388442703125 0.8808593734375 0.68378308125 0.8916015640625 0.7401247609375 0.9384765640625 0.7209173718749999 0.9882812484375 0.861771565625 0.953125 0.8822594484374999 0.90625 0.90274733125 0.904296875 0.928357184375 0.935546875 0.9539670359375 0.9179687515625 0.9373206328125001 0.8779296890625 0.90274733125 0.8652343734375 0.792624959375 0.8671875015625 0.7708565875 0.8759765640625 0.7798200359374999 0.9003906265625 0.7388442703125 0.8808593734375
5 0.1446956734375 0.986328125 0.20872030625 0.9609375015625 0.24713508750000002 0.921875 0.20615932187500002 0.875 0.162622565625 0.861328125 0.1037199078125 0.8691406265625 0.0204878828125 0.9326171875 0.075549065625 0.9765624984375 0.1446956734375 0.986328125
5 0.797746928125 0.4296875015625 0.7695760921875 0.3808593734375 0.6825025921875 0.34375 0.622319434375 0.4150390625 0.659453725 0.4785156265625 0.7670151078125 0.5097656265625 0.797746928125 0.4296875015625
5 0.57238021875 0.1367187515625 0.632563378125 0.09667968906249999 0.6696976625 0.0253906265625 0.5826241624999999 0.017578125 0.5160385453125 0.035156248437499996 0.46866031562500005 0.0732421875 0.4328065203125 0.1376953109375 0.5006726328125 0.154296875 0.57238021875 0.1367187515625
5 0.12420779062500001 0.841796875 0.18439094375 0.8095703109375 0.20103734687500002 0.7597656265625 0.157500596875 0.6972656265625 0.070427096875 0.689453125 0.0281708375 0.7216796890625 0.017926898437499998 0.7685546890625 0.0525001984375 0.8222656265625 0.12420779062500001 0.841796875
5 0.599270565625 0.6630859375 0.6274414078125 0.6064453109375 0.6261609124999999 0.53125 0.5570143109375 0.5390624984375 0.4763432703125 0.5830078125 0.45585538750000004 0.6201171875 0.46225785156250004 0.6914062484375 0.5416483984375 0.6933593734375 0.599270565625 0.6630859375
5 0.8694545203124999 0.123046875 0.9552475312500001 0.07519531093750001 0.977015903125 0.03125 0.8336007249999999 0.011718751562500001 0.7618931375 0.021484373437500003 0.7145149078124999 0.049804689062500004 0.6991489953125 0.1025390625 0.7746980609375 0.126953125 0.8694545203124999 0.123046875
5 0.1587810921875 0.2919921875 0.1728665109375 0.2304687515625 0.16006158125 0.1933593734375 0.0589026625 0.2353515640625 0.0358537953125 0.2919921875 0.0473782296875 0.3320312484375 0.1114028625 0.3222656265625 0.1587810921875 0.2919921875