5 0.094691684375 0.6523437515625 0.1292649890625 0.6533203109375 0.11902104531249999 0.6337890625 0.1471918828125 0.5986328125 0.1279844953125 0.5742187515625 0.08316725 0.6083984359375 0.0818867609375 0.6347656265625 0.0409109953125 0.6132812484375 0.0204231125 0.623046875 0.026825571875 0.6591796890625 0.06524035156249999 0.6767578125 0.061398878125 0.7128906265625 0.139508928125 0.7001953109375 0.13054547968750002 0.6757812484375 0.0921306984375 0.6835937515625 0.0754842953125 0.6708984359375 0.094691684375 0.6523437515625
5 0.0601183828125 0.2626953109375 0.1510333625 0.3007812484375 0.1548748421875 0.2529296890625 0.13182597499999998 0.2060546890625 0.079325775 0.185546875 0.0383500109375 0.1835937515625 0.0306670515625 0.1953124984375 0.0601183828125 0.2626953109375
5 0.11517956562500001 0.8515624984375 0.1792041984375 0.8183593734375 0.19072863281250002 0.8017578125 0.1625577953125 0.7490234359375 0.12286252499999999 0.734375 0.0818867609375 0.7460937515625 0.06395986249999999 0.8164062484375 0.11517956562500001 0.8515624984375
5 0.3431072609375 0.453125 0.3392657859375 0.3974609375 0.297009525 0.390625 0.26371671874999997 0.3554687515625 0.21505799531249997 0.3632812484375 0.226582428125 0.3994140625 0.20481405625 0.470703125 0.3431072609375 0.453125
5 0.3533512046875 0.861328125 0.3802415515625 0.8056640625 0.3392657859375 0.7451171875 0.26371671874999997 0.7109375015625 0.253472775 0.7734375015625 0.26755819375 0.8212890625 0.3533512046875 0.861328125
5 0.8066456078125 0.623046875 0.857865315625 0.6289062484375 0.9270119187500001 0.609375 0.95646325 0.5771484359375 0.9539022656249999 0.5341796890625 0.916767975 0.515625 0.847621371875 0.533203125 0.8156090562499999 0.5654296890625 0.8066456078125 0.623046875
5 0.4762785 0.6933593734375 0.4429856890625 0.6660156265625 0.46475406562500005 0.6923828125 0.44682716874999995 0.7255859375 0.45194913750000004 0.7783203109375 0.5659129843749999 0.830078125 0.5748764343749999 0.7626953109375 0.5569495359375 0.7197265640625 0.52493721875 0.6953124984375 0.4762785 0.6933593734375
5 0.50572983125 0.4892578125 0.48140046875 0.4746093734375 0.47755898906249994 0.5146484359375 0.42761978125000005 0.5058593734375 0.42761978125000005 0.53125 0.4852419484375 0.5927734359375 0.444266184375 0.6064453109375 0.55823003125 0.6445312484375 0.5748764343749999 0.5615234359375 0.56847396875 0.5527343734375 0.531339684375 0.5751953109375 0.531339684375 0.5302734359375 0.50572983125 0.4892578125
5 0.61713269375 0.705078125 0.720852596875 0.6552734359375 0.7362185109375 0.6181640625 0.720852596875 0.5654296890625 0.6376205765625 0.5703124984375 0.6132912140625 0.5849609375 0.60176678125 0.625 0.61713269375 0.705078125
5 0.3315828265625 0.2197265640625 0.2842046015625 0.1621093734375 0.240667846875 0.1523437515625 0.1689602609375 0.185546875 0.20353356093750002 0.2158203109375 0.18048469375 0.2353515640625 0.1843261734375 0.2695312484375 0.23042390781250002 0.2734375015625 0.25603376093749997 0.2597656265625 0.289326571875 0.279296875 0.313655928125 0.2607421875 0.3315828265625 0.2197265640625
5 0.071642815625 0.3320312484375 0.03450853125 0.3349609375 0.0703623265625 0.3896484359375 0.0549964125 0.4072265640625 0.0678013375 0.4345703109375 0.0204231125 0.486328125 0.09341119375 0.4912109375 0.07804528125 0.5419921875 0.0998136578125 0.5546875015625 0.1574358265625 0.4677734359375 0.1548748421875 0.4462890625 0.1292649890625 0.4365234359375 0.11646006093750001 0.3623046890625 0.071642815625 0.3320312484375
5 0.8015236375000001 0.4257812484375 0.8156090562499999 0.4677734359375 0.857865315625 0.501953125 0.9334143828125001 0.4599609375 0.9590242343750001 0.4150390625 0.9346948718749999 0.3808593734375 0.8681092546875 0.3632812484375 0.8079261015625001 0.3896484359375 0.8015236375000001 0.4257812484375
5 0.7439014687500001 0.3193359375 0.7515844234375 0.2685546890625 0.6760353578125 0.2382812484375 0.614571709375 0.2460937515625 0.57359594375 0.3320312484375 0.701645209375 0.361328125 0.7439014687500001 0.3193359375
5 0.673474371875 0.8496093734375 0.6401815609375 0.890625 0.595364315625 0.8955078125 0.5915228421875 0.9316406265625 0.64530353125 0.9746093734375 0.6683523984375 0.9589843734375 0.750303928125 0.986328125 0.759267378125 0.9443359375 0.7387794953125 0.9189453109375 0.7797552609375 0.9033203109375 0.745181959375 0.8652343734375 0.673474371875 0.8496093734375
5 0.7797552609375 0.4443359375 0.7374990046875001 0.376953125 0.7118891484375001 0.388671875 0.6517059953125 0.3720703109375 0.6926817609375 0.4033203109375 0.618413184375 0.4384765640625 0.5889618515625 0.5097656265625 0.663230428125 0.498046875 0.6785963421875 0.5390624984375 0.6939622546875001 0.5214843734375 0.715730628125 0.5283203109375 0.7195721078124999 0.46875 0.774633290625 0.4853515640625 0.7567063921875 0.4501953109375 0.7797552609375 0.4443359375
5 0.4506686484375 0.1328124984375 0.517254265625 0.1308593734375 0.5595105203124999 0.0986328125 0.53005919375 0.033203125 0.34822923437500003 0.019531248437500003 0.3828025359375 0.07910156406249999 0.4506686484375 0.1328124984375
5 0.6350595921875 0.7695312484375 0.6709133828125 0.830078125 0.7400599890625 0.8125 0.7951211734375 0.7744140625 0.7951211734375 0.7177734359375 0.745181959375 0.6972656265625 0.663230428125 0.701171875 0.633779096875 0.7294921875 0.6350595921875 0.7695312484375
5 0.5095713109375 0.1523437515625 0.42761978125000005 0.1523437515625 0.38920499999999997 0.1601562484375 0.3533512046875 0.201171875 0.386644015625 0.2285156265625 0.4020099234375 0.2109375015625 0.4237783015625 0.2783203109375 0.47371751562500003 0.2929687515625 0.508290815625 0.2646484359375 0.508290815625 0.2138671875 0.5543885515625 0.1923828125 0.5095713109375 0.1523437515625
5 0.72853555625 0.2236328125 0.7464624546875 0.1455078125 0.6965232390625 0.078125 0.61713269375 0.042968751562500004 0.5915228421875 0.1328124984375 0.6427425453125 0.201171875 0.72853555625 0.2236328125
5 0.2598752390625 0.0615234359375 0.279082628125 0.011718751562500001 0.13822843437500001 0.046875 0.1177405515625 0.09375 0.09725266875000001 0.095703125 0.071642815625 0.064453125 0.0460329640625 0.08203124843750001 0.0626793671875 0.12207031093750001 0.09725266875000001 0.1347656265625 0.20737504062499998 0.1328124984375 0.22914341249999998 0.12402343593750001 0.2201799640625 0.09960937343750001 0.2611557296875 0.11914062656249999 0.31621691875 0.10839843593750001 0.2598752390625 0.0615234359375
5 0.7528649125 0.078125 0.793840678125 0.125 0.837377434375 0.138671875 0.8962800921875 0.1308593734375 0.9795121171875 0.0673828125 0.924450934375 0.023437501562499997 0.8553043265625 0.013671875 0.79127969375 0.039062498437499996 0.7528649125 0.078125
5 0.3174974078125 0.65625 0.377680565625 0.5849609375 0.340546275 0.5214843734375 0.23298489218750001 0.4902343734375 0.20225307187500002 0.5703124984375 0.23042390781250002 0.6191406265625 0.3174974078125 0.65625
5 0.3303023375 0.9746093734375 0.4173758375 0.982421875 0.48396145468749996 0.9648437515625 0.531339684375 0.9267578125 0.5671934796875 0.8623046890625 0.49932736718750004 0.845703125 0.42761978125000005 0.8632812484375 0.367436621875 0.9033203109375 0.3303023375 0.9746093734375
5 0.798962653125 0.2402343734375 0.8424994031249999 0.3027343734375 0.929572903125 0.310546875 0.9718291625000001 0.2783203109375 0.9820731015625 0.2314453109375 0.9474998015624999 0.1777343734375 0.875792209375 0.158203125 0.8156090562499999 0.1904296890625 0.798962653125 0.2402343734375
5 0.3738390875 0.46875 0.4429856890625 0.4609375015625 0.5236567296875 0.4169921875 0.5441446125 0.3798828125 0.5377421484375 0.3085937515625 0.45835160156250004 0.3066406265625 0.40072943437499997 0.3369140625 0.3725585921875 0.3935546890625 0.3738390875 0.46875
5 0.022984096875000002 0.96875 0.166399275 0.9882812484375 0.23810686250000002 0.9785156265625 0.28548509218749996 0.9501953109375 0.30085100468750003 0.8974609375 0.2253019390625 0.873046875 0.13054547968750002 0.876953125 0.04475246875 0.9248046890625 0.022984096875000002 0.96875
5 0.8399384187500001 0.8066406265625 0.9410973374999999 0.7646484359375 0.9641462046875 0.7080078125 0.9526217703125001 0.6679687515625 0.8885971375 0.6777343734375 0.8412189078125 0.7080078125 0.8271334890625001 0.7695312484375 0.8399384187500001 0.8066406265625