5 0.7001953109375 0.8604910718750001 0.6757812484375 0.8694545203124999 0.6835937515625 0.9078693015624999 0.6708984359375 0.9245157046875001 0.6523437515625 0.905308315625 0.6533203109375 0.8707350109374999 0.6337890625 0.8809789546875001 0.5986328125 0.8528081171874999 0.5742187515625 0.8720155046875 0.6083984359375 0.91683275 0.6347656265625 0.9181132390625001 0.6132812484375 0.9590890046875 0.623046875 0.9795768875 0.6591796890625 0.973174428125 0.6767578125 0.9347596484375 0.7128906265625 0.9386011218749999 0.7001953109375 0.8604910718750001
5 0.2060546890625 0.8681740250000001 0.185546875 0.920674225 0.1835937515625 0.9616499890625001 0.1953124984375 0.9693329484375001 0.2626953109375 0.9398816171875 0.3007812484375 0.8489666375 0.2529296890625 0.8451251578125 0.2060546890625 0.8681740250000001
5 0.7490234359375 0.8374422046875001 0.734375 0.8771374749999999 0.7460937515625 0.9181132390625001 0.8164062484375 0.9360401375 0.8515624984375 0.884820434375 0.8183593734375 0.8207958015625 0.8017578125 0.8092713671875 0.7490234359375 0.8374422046875001
5 0.3554687515625 0.73628328125 0.3632812484375 0.7849420046875 0.3994140625 0.773417571875 0.470703125 0.79518594375 0.453125 0.6568927390625 0.3974609375 0.6607342140625 0.390625 0.702990475 0.3554687515625 0.73628328125
5 0.7451171875 0.6607342140625 0.7109375015625 0.73628328125 0.7734375015625 0.746527225 0.8212890625 0.73244180625 0.861328125 0.6466487953125 0.8056640625 0.6197584484374999 0.7451171875 0.6607342140625
5 0.5341796890625 0.046097734375 0.515625 0.083232025 0.533203125 0.152378628125 0.5654296890625 0.18439094375 0.623046875 0.1933543921875 0.6289062484375 0.14213468437500001 0.609375 0.07298808125 0.5771484359375 0.04353675 0.5341796890625 0.046097734375
5 0.830078125 0.434087015625 0.7626953109375 0.42512356562500003 0.7197265640625 0.44305046406250004 0.6953124984375 0.47506278125 0.6933593734375 0.5237215 0.6660156265625 0.5570143109375 0.6923828125 0.535245934375 0.7255859375 0.55317283125 0.7783203109375 0.5480508625 0.830078125 0.434087015625
5 0.5615234359375 0.42512356562500003 0.5527343734375 0.43152603125000005 0.5751953109375 0.46866031562500005 0.5302734359375 0.46866031562500005 0.4892578125 0.49427016874999996 0.4746093734375 0.51859953125 0.5146484359375 0.5224410109375001 0.5058593734375 0.57238021875 0.53125 0.57238021875 0.5927734359375 0.5147580515625 0.6064453109375 0.555733815625 0.6445312484375 0.44176996874999996 0.5615234359375 0.42512356562500003
5 0.5654296890625 0.27914740312499997 0.5703124984375 0.3623794234375 0.5849609375 0.3867087859375 0.625 0.39823321875 0.705078125 0.38286730625 0.6552734359375 0.27914740312499997 0.6181640625 0.2637814890625 0.5654296890625 0.27914740312499997
5 0.2734375015625 0.7695760921875 0.2597656265625 0.7439662390625 0.279296875 0.710673428125 0.2607421875 0.686344071875 0.2197265640625 0.6684171734375 0.1621093734375 0.7157953984375001 0.1523437515625 0.759332153125 0.185546875 0.8310397390625001 0.2158203109375 0.7964664390625 0.2353515640625 0.8195153062499999 0.2695312484375 0.8156738265625 0.2734375015625 0.7695760921875
5 0.4677734359375 0.8425641734375 0.4462890625 0.8451251578125 0.4365234359375 0.8707350109374999 0.3623046890625 0.8835399390625 0.3320312484375 0.928357184375 0.3349609375 0.96549146875 0.3896484359375 0.9296376734375 0.4072265640625 0.9450035874999999 0.4345703109375 0.9321986624999999 0.486328125 0.9795768875 0.4912109375 0.9065888062499999 0.5419921875 0.92195471875 0.5546875015625 0.9001863421875 0.4677734359375 0.8425641734375
5 0.4150390625 0.040975765625 0.3808593734375 0.065305128125 0.3632812484375 0.1318907453125 0.3896484359375 0.1920738984375 0.4257812484375 0.1984763625 0.4677734359375 0.18439094375 0.501953125 0.14213468437500001 0.4599609375 0.0665856171875 0.4150390625 0.040975765625
5 0.2382812484375 0.3239646421875 0.2460937515625 0.385428290625 0.3320312484375 0.42640405625 0.361328125 0.29835479062500003 0.3193359375 0.25609853125000004 0.2685546890625 0.24841557656250002 0.2382812484375 0.3239646421875
5 0.9443359375 0.24073262187500002 0.9189453109375 0.2612205046875 0.9033203109375 0.22024473906250003 0.8652343734375 0.254818040625 0.8496093734375 0.326525628125 0.890625 0.3598184390625 0.8955078125 0.40463568437499997 0.9316406265625 0.40847715781250005 0.9746093734375 0.35469646875 0.9589843734375 0.3316476015625 0.986328125 0.249696071875 0.9443359375 0.24073262187500002
5 0.5283203109375 0.284269371875 0.46875 0.28042789218749997 0.4853515640625 0.22536670937499997 0.4501953109375 0.2432936078125 0.4443359375 0.22024473906250003 0.376953125 0.26250099531250004 0.388671875 0.2881108515625 0.3720703109375 0.3482940046875 0.4033203109375 0.3073182390625 0.4384765640625 0.381586815625 0.5097656265625 0.4110381484375 0.498046875 0.336769571875 0.5390624984375 0.3214036578125 0.5214843734375 0.3060377453125 0.5283203109375 0.284269371875
5 0.0986328125 0.4404894796875 0.033203125 0.46994080625 0.019531248437500003 0.651770765625 0.07910156406249999 0.6171974640625 0.1328124984375 0.5493313515625 0.1308593734375 0.482745734375 0.0986328125 0.4404894796875
5 0.7177734359375 0.20487882656249998 0.6972656265625 0.254818040625 0.701171875 0.336769571875 0.7294921875 0.366220903125 0.7695312484375 0.3649404078125 0.830078125 0.3290866171875 0.8125 0.25994001093749997 0.7744140625 0.20487882656249998 0.7177734359375 0.20487882656249998
5 0.2929687515625 0.526282484375 0.2646484359375 0.491709184375 0.2138671875 0.491709184375 0.1923828125 0.4456114484375 0.1523437515625 0.49042868906250003 0.1523437515625 0.57238021875 0.1601562484375 0.610795 0.201171875 0.6466487953125 0.2285156265625 0.6133559843749999 0.2109375015625 0.5979900765624999 0.2783203109375 0.5762216984374999 0.2929687515625 0.526282484375
5 0.078125 0.3034767609375 0.042968751562500004 0.38286730625 0.1328124984375 0.40847715781250005 0.201171875 0.3572574546875 0.2236328125 0.27146444375 0.1455078125 0.2535375453125 0.078125 0.3034767609375
5 0.12402343593750001 0.7708565875 0.09960937343750001 0.7798200359374999 0.11914062656249999 0.7388442703125 0.10839843593750001 0.68378308125 0.0615234359375 0.7401247609375 0.011718751562500001 0.7209173718749999 0.046875 0.861771565625 0.09375 0.8822594484374999 0.095703125 0.90274733125 0.064453125 0.928357184375 0.08203124843750001 0.9539670359375 0.12207031093750001 0.9373206328125001 0.1347656265625 0.90274733125 0.1328124984375 0.792624959375 0.12402343593750001 0.7708565875
5 0.0673828125 0.0204878828125 0.023437501562499997 0.075549065625 0.013671875 0.1446956734375 0.039062498437499996 0.20872030625 0.078125 0.24713508750000002 0.125 0.20615932187500002 0.138671875 0.162622565625 0.1308593734375 0.1037199078125 0.0673828125 0.0204878828125
5 0.5214843734375 0.659453725 0.4902343734375 0.7670151078125 0.5703124984375 0.797746928125 0.6191406265625 0.7695760921875 0.65625 0.6825025921875 0.5849609375 0.622319434375 0.5214843734375 0.659453725
5 0.8623046890625 0.4328065203125 0.845703125 0.5006726328125 0.8632812484375 0.57238021875 0.9033203109375 0.632563378125 0.9746093734375 0.6696976625 0.982421875 0.5826241624999999 0.9648437515625 0.5160385453125 0.9267578125 0.46866031562500005 0.8623046890625 0.4328065203125
5 0.2314453109375 0.017926898437499998 0.1777343734375 0.0525001984375 0.158203125 0.12420779062500001 0.1904296890625 0.18439094375 0.2402343734375 0.20103734687500002 0.3027343734375 0.157500596875 0.310546875 0.070427096875 0.2783203109375 0.0281708375 0.2314453109375 0.017926898437499998
5 0.3085937515625 0.46225785156250004 0.3066406265625 0.5416483984375 0.3369140625 0.599270565625 0.3935546890625 0.6274414078125 0.46875 0.6261609124999999 0.4609375015625 0.5570143109375 0.4169921875 0.4763432703125 0.3798828125 0.45585538750000004 0.3085937515625 0.46225785156250004
5 0.8974609375 0.6991489953125 0.873046875 0.7746980609375 0.876953125 0.8694545203124999 0.9248046890625 0.9552475312500001 0.96875 0.977015903125 0.9882812484375 0.8336007249999999 0.9785156265625 0.7618931375 0.9501953109375 0.7145149078124999 0.8974609375 0.6991489953125
5 0.6679687515625 0.0473782296875 0.6777343734375 0.1114028625 0.7080078125 0.1587810921875 0.7695312484375 0.1728665109375 0.8066406265625 0.16006158125 0.7646484359375 0.0589026625 0.7080078125 0.0358537953125 0.6679687515625 0.0473782296875