5 0.33305731875 0.37109375 0.302779378125 0.4228515609375 0.3560267828125 0.45703125 0.3883928578125 0.4580078109375 0.4562571984375 0.44140625 0.46983006875 0.3974609390625 0.39778945625 0.36328125 0.33305731875 0.37109375
5 0.5376944140625 0.541015625 0.5533554140625 0.6240234390625 0.5888536859375 0.6708984390625 0.6441892265625 0.712890625 0.6974366359374999 0.7216796890625 0.6995247703125 0.6806640609375 0.668202765625 0.6279296890625 0.619131621875 0.580078125 0.5376944140625 0.541015625
5 0.9166906687499999 0.4716796890625 0.8592669953125001 0.466796875 0.7548603140625 0.50390625 0.6890841015625 0.5771484390625 0.7099654375 0.5849609390625 0.7799179171875 0.580078125 0.855090728125 0.55078125 0.8999855984374999 0.5126953109375 0.9166906687499999 0.4716796890625
5 0.38526065468750004 0.677734375 0.319484446875 0.7021484390625 0.3706437234375 0.78125 0.46356566875 0.7978515609375 0.5084605437499999 0.787109375 0.5115927421875 0.7685546890625 0.44790466406249996 0.6953125 0.38526065468750004 0.677734375
5 0.4792266734375 0.859375 0.414494525 0.8984375 0.37168778750000003 0.9599609390625 0.4760944703125 0.9697265609375 0.5752808203125 0.919921875 0.6013824890625 0.8662109390625 0.571104553125 0.849609375 0.4792266734375 0.859375
5 0.737111175 0.8857421890625 0.7120535718750001 0.9521484390625 0.8060195859375 0.9736328109375 0.914602534375 0.9033203109375 0.9302635390624999 0.845703125 0.8133280546874999 0.845703125 0.737111175 0.8857421890625
5 0.15765409218749998 0.044921875 0.0803931421875 0.068359375 0.0396745390625 0.1298828109375 0.034454203125 0.19140625 0.11484734999999999 0.1962890609375 0.16809475625 0.17578125 0.2088133640625 0.1318359390625 0.19628456249999998 0.07324218906249999 0.15765409218749998 0.044921875
5 0.12006768593749999 0.251953125 0.0751728109375 0.3173828109375 0.11589141875 0.34765625 0.17957949374999999 0.3544921890625 0.25788450625000003 0.33203125 0.302779378125 0.2744140609375 0.21820996250000002 0.2265625 0.12006768593749999 0.251953125
5 0.619131621875 0.388671875 0.5366503453125 0.4775390609375 0.56275201875 0.5 0.6180875578125 0.5068359390625 0.713097640625 0.484375 0.7621687781250001 0.3935546890625 0.6880400375 0.37109375 0.619131621875 0.388671875
5 0.7496399765625 0.6474609390625 0.7621687781250001 0.6923828109375 0.8091517874999999 0.748046875 0.904161865625 0.7685546890625 0.9709821421875 0.7490234390625 0.923999134375 0.6640625 0.8571788578125 0.634765625 0.7496399765625 0.6474609390625
5 0.49384360312500003 0.212890625 0.3967453921875 0.2607421890625 0.3967453921875 0.2958984390625 0.4186707921875 0.314453125 0.52412154375 0.3427734390625 0.571104553125 0.33203125 0.6264400921875 0.2841796890625 0.587809621875 0.228515625 0.49384360312500003 0.212890625
5 0.06890840937500001 0.6748046890625 0.0334101375 0.7548828109375 0.144081221875 0.7822265609375 0.231782834375 0.7275390609375 0.2537082390625 0.658203125 0.153477825 0.63671875 0.06890840937500001 0.6748046890625
5 0.318440378125 0.490234375 0.23804723437500003 0.5166015609375 0.30173530937500004 0.61328125 0.32888105 0.611328125 0.3257488484375 0.6259765609375 0.3476742484375 0.634765625 0.4050979265625 0.6357421890625 0.477138534375 0.62109375 0.4823588703125 0.6064453109375 0.39987759375 0.5078125 0.318440378125 0.490234375
5 0.12006768593749999 0.408203125 0.035498271875 0.4697265609375 0.025057603125 0.5654296890625 0.11484734999999999 0.5712890609375 0.1921082953125 0.5224609390625 0.21298963125 0.4716796890625 0.20150489375 0.4140625 0.12006768593749999 0.408203125
5 0.264148903125 0.83203125 0.2202981015625 0.814453125 0.14721341875 0.814453125 0.0751728109375 0.8564453109375 0.0396745390625 0.9521484390625 0.144081221875 0.9794921890625 0.199416765625 0.962890625 0.2505760375 0.9169921890625 0.26728110625 0.8876953109375 0.264148903125 0.83203125
5 0.34871831875 0.11425781093750001 0.40092165937499996 0.12207031093750001 0.4322436640625 0.10253906093750001 0.422847059375 0.0703125 0.374819990625 0.08203125 0.34871831875 0.11425781093750001
5 0.6107790875 0.158203125 0.65045363125 0.16796875 0.6535858296875 0.1416015609375 0.6233078890625 0.095703125 0.59616215625 0.087890625 0.57319268125 0.10546875 0.548135078125 0.07421875 0.5084605437499999 0.0859375 0.49697580625000004 0.0537109390625 0.47087413749999996 0.046875 0.4385080640625 0.08300781093750001 0.434331796875 0.1708984390625 0.453125 0.1826171890625 0.5147249406250001 0.130859375 0.5502232171875 0.150390625 0.5752808203125 0.111328125 0.6107790875 0.158203125
5 0.861355125 0.220703125 0.7653009765625 0.255859375 0.6995247703125 0.3369140609375 0.77469758125 0.3427734390625 0.8738839265625 0.306640625 0.908338134375 0.2724609390625 0.914602534375 0.2353515609375 0.861355125 0.220703125
5 0.8509144609374999 0.048828125 0.777829778125 0.064453125 0.7308467734375 0.11230468906249999 0.7141417046874999 0.1748046890625 0.783050115625 0.1904296890625 0.855090728125 0.177734375 0.897897465625 0.1318359390625 0.8916330640625001 0.08105468906249999 0.8509144609374999 0.048828125