5 0.44140625 0.5437428015625 0.3974609390625 0.53016993125 0.36328125 0.6022105437499999 0.37109375 0.66694268125 0.4228515609375 0.697220621875 0.45703125 0.6439732171875 0.4580078109375 0.6116071421875 0.44140625 0.5437428015625
5 0.7216796890625 0.3025633640625 0.6806640609375 0.3004752296875 0.6279296890625 0.331797234375 0.580078125 0.380868378125 0.541015625 0.46230558593750004 0.6240234390625 0.4466445859375 0.6708984390625 0.4111463140625 0.712890625 0.3558107734375 0.7216796890625 0.3025633640625
5 0.5849609390625 0.2900345625 0.580078125 0.2200820828125 0.55078125 0.144909271875 0.5126953109375 0.10001440156250001 0.4716796890625 0.08330933125 0.466796875 0.1407330046875 0.50390625 0.2451396859375 0.5771484390625 0.3109158984375 0.5849609390625 0.2900345625
5 0.787109375 0.49153945625000006 0.7685546890625 0.4884072578125 0.6953125 0.5520953359375 0.677734375 0.6147393453125 0.7021484390625 0.680515553125 0.78125 0.6293562765625 0.7978515609375 0.53643433125 0.787109375 0.49153945625000006
5 0.919921875 0.42471917968749995 0.8662109390625 0.3986175109375 0.849609375 0.42889544687500003 0.859375 0.5207733265625001 0.8984375 0.5855054749999999 0.9599609390625 0.6283122125 0.9697265609375 0.5239055296874999 0.919921875 0.42471917968749995
5 0.845703125 0.0697364609375 0.845703125 0.1866719453125 0.8857421890625 0.262888825 0.9521484390625 0.28794642812500004 0.9736328109375 0.1939804140625 0.9033203109375 0.085397465625 0.845703125 0.0697364609375
5 0.1962890609375 0.88515265 0.17578125 0.83190524375 0.1318359390625 0.7911866359374999 0.07324218906249999 0.8037154375 0.044921875 0.8423459078125 0.068359375 0.9196068578125001 0.1298828109375 0.9603254609375 0.19140625 0.965545796875 0.1962890609375 0.88515265
5 0.33203125 0.74211549375 0.2744140609375 0.697220621875 0.2265625 0.7817900375 0.251953125 0.8799323140625 0.3173828109375 0.9248271890625 0.34765625 0.8841085812499999 0.3544921890625 0.82042050625 0.33203125 0.74211549375
5 0.484375 0.286902359375 0.3935546890625 0.237831221875 0.37109375 0.3119599625 0.388671875 0.380868378125 0.4775390609375 0.46334965468749995 0.5 0.43724798125 0.5068359390625 0.3819124421875 0.484375 0.286902359375
5 0.7490234390625 0.0290178578125 0.6640625 0.076000865625 0.634765625 0.1428211421875 0.6474609390625 0.25036002343749997 0.6923828109375 0.237831221875 0.748046875 0.1908482125 0.7685546890625 0.095838134375 0.7490234390625 0.0290178578125
5 0.3427734390625 0.47587845624999997 0.33203125 0.42889544687500003 0.2841796890625 0.3735599078125 0.228515625 0.41219037812500003 0.212890625 0.506156396875 0.2607421890625 0.6032546078125 0.2958984390625 0.6032546078125 0.314453125 0.5813292078125001 0.3427734390625 0.47587845624999997
5 0.658203125 0.7462917609375 0.63671875 0.8465221749999999 0.6748046890625 0.9310915906250001 0.7548828109375 0.9665898625 0.7822265609375 0.855918778125 0.7275390609375 0.7682171656250001 0.658203125 0.7462917609375
5 0.6259765609375 0.6742511515625 0.634765625 0.6523257515625 0.6357421890625 0.5949020734375 0.62109375 0.522861465625 0.6064453109375 0.5176411296875 0.5078125 0.60012240625 0.490234375 0.681559621875 0.5166015609375 0.761952765625 0.61328125 0.6982646906250001 0.611328125 0.67111895 0.6259765609375 0.6742511515625
5 0.5224609390625 0.8078917046875 0.4716796890625 0.7870103687500001 0.4140625 0.7984951062500001 0.408203125 0.8799323140625 0.4697265609375 0.964501728125 0.5654296890625 0.974942396875 0.5712890609375 0.88515265 0.5224609390625 0.8078917046875
5 0.9521484390625 0.9603254609375 0.9794921890625 0.855918778125 0.962890625 0.8005832343750001 0.9169921890625 0.7494239625 0.8876953109375 0.73271889375 0.83203125 0.735851096875 0.814453125 0.7797018984374999 0.814453125 0.85278658125 0.8564453109375 0.9248271890625 0.9521484390625 0.9603254609375
5 0.08203125 0.625180009375 0.11425781093750001 0.65128168125 0.12207031093750001 0.599078340625 0.10253906093750001 0.5677563359375 0.0703125 0.577152940625 0.08203125 0.625180009375
5 0.087890625 0.40383784375 0.10546875 0.42680731875 0.07421875 0.45186492187500005 0.0859375 0.49153945625000006 0.0537109390625 0.50302419375 0.046875 0.5291258625 0.08300781093750001 0.5614919359375 0.1708984390625 0.565668203125 0.1826171890625 0.546875 0.130859375 0.485275059375 0.150390625 0.4497767828125 0.111328125 0.42471917968749995 0.158203125 0.3892209125 0.16796875 0.34954636875 0.1416015609375 0.3464141703125 0.095703125 0.3766921109375 0.087890625 0.40383784375
5 0.306640625 0.1261160734375 0.2724609390625 0.091661865625 0.2353515609375 0.085397465625 0.220703125 0.138644875 0.255859375 0.23469902343750002 0.3369140609375 0.3004752296875 0.3427734390625 0.22530241874999998 0.306640625 0.1261160734375
5 0.1904296890625 0.216949884375 0.177734375 0.144909271875 0.1318359390625 0.10210253437500001 0.08105468906249999 0.10836693593749999 0.048828125 0.1490855390625 0.064453125 0.222170221875 0.11230468906249999 0.26915322656249996 0.1748046890625 0.2858582953125 0.1904296890625 0.216949884375