5 0.4562571984375 0.55859375 0.3883928578125 0.5419921890625 0.3560267828125 0.54296875 0.302779378125 0.5771484390625 0.33305731875 0.62890625 0.39778945625 0.63671875 0.46983006875 0.6025390609375 0.4562571984375 0.55859375
5 0.6995247703125 0.3193359390625 0.6974366359374999 0.2783203109375 0.6441892265625 0.287109375 0.5888536859375 0.3291015609375 0.5533554140625 0.3759765609375 0.5376944140625 0.458984375 0.619131621875 0.419921875 0.668202765625 0.3720703109375 0.6995247703125 0.3193359390625
5 0.7799179171875 0.419921875 0.7099654375 0.4150390609375 0.6890841015625 0.4228515609375 0.7548603140625 0.49609375 0.8592669953125001 0.533203125 0.9166906687499999 0.5283203109375 0.8999855984374999 0.4873046890625 0.855090728125 0.44921875 0.7799179171875 0.419921875
5 0.5084605437499999 0.212890625 0.46356566875 0.2021484390625 0.3706437234375 0.21875 0.319484446875 0.2978515609375 0.38526065468750004 0.322265625 0.44790466406249996 0.3046875 0.5115927421875 0.2314453109375 0.5084605437499999 0.212890625
5 0.5752808203125 0.080078125 0.4760944703125 0.0302734390625 0.37168778750000003 0.040039060937499996 0.414494525 0.1015625 0.4792266734375 0.140625 0.571104553125 0.150390625 0.6013824890625 0.1337890609375 0.5752808203125 0.080078125
5 0.914602534375 0.09667968906249999 0.8060195859375 0.0263671890625 0.7120535718750001 0.047851560937499996 0.737111175 0.11425781093750001 0.8133280546874999 0.154296875 0.9302635390624999 0.154296875 0.914602534375 0.09667968906249999
5 0.16809475625 0.82421875 0.11484734999999999 0.8037109390625 0.034454203125 0.80859375 0.0396745390625 0.8701171890625 0.0803931421875 0.931640625 0.15765409218749998 0.955078125 0.19628456249999998 0.9267578109375 0.2088133640625 0.8681640609375 0.16809475625 0.82421875
5 0.25788450625000003 0.66796875 0.17957949374999999 0.6455078109375 0.11589141875 0.65234375 0.0751728109375 0.6826171890625 0.12006768593749999 0.748046875 0.21820996250000002 0.7734375 0.302779378125 0.7255859390625 0.25788450625000003 0.66796875
5 0.713097640625 0.515625 0.6180875578125 0.4931640609375 0.56275201875 0.5 0.5366503453125 0.5224609390625 0.619131621875 0.611328125 0.6880400375 0.62890625 0.7621687781250001 0.6064453109375 0.713097640625 0.515625
5 0.9709821421875 0.2509765609375 0.904161865625 0.2314453109375 0.8091517874999999 0.251953125 0.7621687781250001 0.3076171890625 0.7496399765625 0.3525390609375 0.8571788578125 0.365234375 0.923999134375 0.3359375 0.9709821421875 0.2509765609375
5 0.571104553125 0.66796875 0.52412154375 0.6572265609375 0.4186707921875 0.685546875 0.3967453921875 0.7041015609375 0.3967453921875 0.7392578109375 0.49384360312500003 0.787109375 0.587809621875 0.771484375 0.6264400921875 0.7158203109375 0.571104553125 0.66796875
5 0.231782834375 0.2724609390625 0.144081221875 0.2177734390625 0.0334101375 0.2451171890625 0.06890840937500001 0.3251953109375 0.153477825 0.36328125 0.2537082390625 0.341796875 0.231782834375 0.2724609390625
5 0.477138534375 0.37890625 0.4050979265625 0.3642578109375 0.3476742484375 0.365234375 0.3257488484375 0.3740234390625 0.32888105 0.388671875 0.30173530937500004 0.38671875 0.23804723437500003 0.4833984390625 0.318440378125 0.509765625 0.39987759375 0.4921875 0.4823588703125 0.3935546890625 0.477138534375 0.37890625
5 0.1921082953125 0.4775390609375 0.11484734999999999 0.4287109390625 0.025057603125 0.4345703109375 0.035498271875 0.5302734390625 0.12006768593749999 0.591796875 0.20150489375 0.5859375 0.21298963125 0.5283203109375 0.1921082953125 0.4775390609375
5 0.199416765625 0.037109375 0.144081221875 0.020507810937500003 0.0396745390625 0.047851560937499996 0.0751728109375 0.1435546890625 0.14721341875 0.185546875 0.2202981015625 0.185546875 0.264148903125 0.16796875 0.26728110625 0.11230468906249999 0.2505760375 0.08300781093750001 0.199416765625 0.037109375
5 0.4322436640625 0.8974609390625 0.40092165937499996 0.8779296890625 0.34871831875 0.8857421890625 0.374819990625 0.91796875 0.422847059375 0.9296875 0.4322436640625 0.8974609390625
5 0.5147249406250001 0.869140625 0.453125 0.8173828109375 0.434331796875 0.8291015609375 0.4385080640625 0.9169921890625 0.47087413749999996 0.953125 0.49697580625000004 0.9462890609375 0.5084605437499999 0.9140625 0.548135078125 0.92578125 0.57319268125 0.89453125 0.59616215625 0.912109375 0.6233078890625 0.904296875 0.6535858296875 0.8583984390625 0.65045363125 0.83203125 0.6107790875 0.841796875 0.5752808203125 0.888671875 0.5502232171875 0.849609375 0.5147249406250001 0.869140625
5 0.8738839265625 0.693359375 0.77469758125 0.6572265609375 0.6995247703125 0.6630859390625 0.7653009765625 0.744140625 0.861355125 0.779296875 0.914602534375 0.7646484390625 0.908338134375 0.7275390609375 0.8738839265625 0.693359375
5 0.855090728125 0.822265625 0.783050115625 0.8095703109375 0.7141417046874999 0.8251953109375 0.7308467734375 0.8876953109375 0.777829778125 0.935546875 0.8509144609374999 0.951171875 0.8916330640625001 0.9189453109375 0.897897465625 0.8681640609375 0.855090728125 0.822265625