5 0.961936878125 0.802734375 0.8536251453125001 0.6650390640625 0.8493355703125 0.6982421875 0.8772177984375 0.7509765609375 0.9211859296875 0.791015625 0.961936878125 0.802734375
5 0.9265478968749999 0.5263671875 0.8536251453125001 0.4716796890625 0.8429012109375 0.5283203109375 0.8579147203125 0.5517578125 0.9168963546875 0.5976562515625 0.9769503875 0.6171874984375 0.9265478968749999 0.5263671875
5 0.5319071265625 0.7373046890625 0.4311021453125 0.6591796890625 0.45469480312500005 0.7568359359375 0.5029525046875001 0.791015625 0.5737304671875 0.8105468765625 0.5319071265625 0.7373046890625
5 0.5447758453125 0.1357421875 0.4890113921875 0.09277343906249999 0.45147762187499996 0.09179687656249999 0.43753650468750005 0.1279296890625 0.547993028125 0.2382812515625 0.5447758453125 0.1357421875
5 0.9651540609374999 0.8876953109375 0.8600595046875 0.8466796890625 0.8750730140625 0.9443359359375 0.8997380609375 0.9609374984375 0.961936878125 0.962890625 0.9651540609374999 0.8876953109375
5 0.30027015 0.1201171875 0.310994084375 0.09277343906249999 0.29276339687499997 0.11718749843750001 0.2252026125 0.11816406406249999 0.25094005625000004 0.1552734390625 0.231636971875 0.1904296890625 0.2670259578125 0.2382812515625 0.32600759375 0.2060546890625 0.319573234375 0.1689453109375 0.35603460781249996 0.1494140640625 0.30027015 0.1201171875
5 0.27560510312500003 0.2988281234375 0.25308484062500003 0.2783203109375 0.25951920156249997 0.3017578125 0.2252026125 0.3369140640625 0.2230578265625 0.3740234390625 0.25951920156249997 0.3701171875 0.2563020234375 0.4042968765625 0.297052971875 0.3789062515625 0.3378039203125 0.427734375 0.33029716875 0.3818359359375 0.35603460781249996 0.3740234390625 0.3388763125 0.3505859359375 0.35603460781249996 0.3427734390625 0.32815237812500003 0.3212890640625 0.3388763125 0.3115234390625 0.27560510312500003 0.2988281234375
5 0.3345867390625 0.8955078125 0.2874014296875 0.8564453109375 0.2605915984375 0.8730468765625 0.23699893906249997 0.8574218765625 0.24450569687499998 0.8740234390625 0.2209130421875 0.9013671875 0.25094005625000004 0.8974609359375 0.240216121875 0.9306640640625 0.2906186125 0.9882812515625 0.314211265625 0.9804687484375 0.34638307031250004 1 0.341021103125 0.9697265609375 0.3624689671875 0.9619140640625 0.3431658875 0.9423828125 0.353889821875 0.9267578125 0.3238628078125 0.9150390640625 0.3345867390625 0.8955078125
5 0.73995144375 0.3095703109375 0.6777526265625 0.2841796890625 0.6423636453125 0.2851562515625 0.6262777484375001 0.3134765609375 0.6348568921875 0.3759765609375 0.6530875796875 0.3925781234375 0.7174311828125 0.3867187484375 0.7882091499999999 0.4257812515625 0.727082725 0.3779296890625 0.746385803125 0.3447265609375 0.73995144375 0.3095703109375
5 0.676680234375 0.5039062515625 0.6434360375 0.4697265609375 0.6305673171875 0.4716796890625 0.658449546875 0.5068359359375 0.6241329578125 0.5537109359375 0.6477256125 0.5693359359375 0.6434360375 0.6064453109375 0.6852593828125 0.5976562515625 0.719575971875 0.6171874984375 0.7313722984375 0.5751953109375 0.7828471828125 0.5537109359375 0.746385803125 0.5322265609375 0.7453134109375 0.5039062515625 0.676680234375 0.5039062515625
5 0.8890141265624999 0.3105468765625 0.86220429375 0.2861328125 0.8793625890625 0.3193359359375 0.8364668500000001 0.3544921875 0.8514803593750001 0.3994140640625 0.8890141265624999 0.3984374984375 0.9319098640625001 0.421875 0.9479957656250001 0.3779296890625 0.9866019250000001 0.3642578125 0.9630092703124999 0.3056640640625 0.90188285 0.296875 0.8890141265624999 0.3105468765625
5 0.9512129437500001 0.130859375 0.9286926828125001 0.09472656093750001 0.9083172109375001 0.11132812343750001 0.8493355703125 0.09667968906249999 0.8579147203125 0.1435546890625 0.8343220656250001 0.1591796890625 0.8664938687499999 0.1904296890625 0.8493355703125 0.2119140640625 0.8890141265624999 0.2226562515625 0.9319098640625001 0.2109374984375 0.987674321875 0.240234375 0.9501405515625001 0.2080078125 0.9780227796875 0.1318359359375 0.9512129437500001 0.130859375
5 0.7785576078124999 0.7451171875 0.7571097390625 0.6669921875 0.6788250234375 0.677734375 0.6348568921875 0.7138671875 0.6305673171875 0.7548828125 0.6777526265625 0.7822265609375 0.6809698078124999 0.8085937484375 0.698128103125 0.7695312515625 0.7496029859375 0.775390625 0.7785576078124999 0.7451171875
5 0.7120692156249999 0.12207031093750001 0.7056348546875 0.09472656093750001 0.676680234375 0.109375 0.6262777484375001 0.0986328125 0.6520151875 0.1884765609375 0.7131416125000001 0.2363281234375 0.7474582015625 0.224609375 0.7817747890625 0.2421874984375 0.754964953125 0.2138671875 0.7764128218749999 0.1845703109375 0.737806659375 0.1259765609375 0.7120692156249999 0.12207031093750001
5 0.15442465 0.8486328125 0.1329767796875 0.8447265609375 0.0761399296875 0.8515625015625 0.040750948437500004 0.8759765609375 0.0139411125 0.9863281234375 0.0375337703125 0.962890625 0.11474609375 0.9609374984375 0.1458455046875 0.9306640640625 0.15871422500000001 0.8720703109375 0.15442465 0.8486328125
5 0.6831145937499999 0.875 0.6648839062499999 0.8486328125 0.671318265625 0.8837890640625 0.6284225328125 0.9150390640625 0.654159971875 0.9267578125 0.654159971875 0.9658203109375 0.6852593828125 0.958984375 0.698128103125 0.994140625 0.73029990625 0.9726562515625 0.7796299999999999 0.990234375 0.7807023921875 0.9580078125 0.746385803125 0.9365234390625 0.7828471828125 0.9091796890625 0.7613993125 0.8896484390625 0.7678336734375 0.8740234390625 0.719575971875 0.8515625015625 0.6831145937499999 0.875
5 0.1201080609375 0.3076171875 0.0257374390625 0.2822265609375 0.0064343593749999995 0.2841796890625 0.0386061640625 0.3779296890625 0.16622097656249998 0.431640625 0.1522798640625 0.3486328125 0.1201080609375 0.3076171875
5 0.0825742890625 0.6679687484375 0.030027014062500003 0.6591796890625 0.0193030796875 0.7353515609375 0.0428957390625 0.7724609359375 0.0804295046875 0.796875 0.14906268281249999 0.8046874984375 0.13726635468749998 0.7099609359375 0.0825742890625 0.6679687484375
5 0.52868994375 0.291015625 0.486866603125 0.2822265609375 0.4311021453125 0.2841796890625 0.43324693437499995 0.3564453109375 0.47507027500000004 0.3945312515625 0.5351243078125 0.396484375 0.543703453125 0.412109375 0.5705132890625 0.3818359359375 0.5705132890625 0.3330078125 0.52868994375 0.291015625
5 0.143700715625 0.1337890640625 0.08150189687500001 0.09277343906249999 0.01715829375 0.1044921875 0.021447868749999998 0.1748046890625 0.0804295046875 0.2226562515625 0.146917896875 0.2226562515625 0.15656943437499998 0.1630859359375 0.143700715625 0.1337890640625
5 0.5383414859375 0.8740234390625 0.482577028125 0.8505859359375 0.41823342500000005 0.8544921875 0.420378215625 0.9423828125 0.468635915625 0.9804687484375 0.53726909375 0.9726562515625 0.5801648265625 0.990234375 0.5426310609375 0.9619140640625 0.5383414859375 0.8740234390625
5 0.3163560515625 0.478515625 0.26809835 0.4677734390625 0.2209130421875 0.5009765609375 0.21876825156250002 0.5673828125 0.24557808906249998 0.5957031234375 0.36997572500000003 0.6210937484375 0.33673152812499996 0.5966796890625 0.353889821875 0.5185546890625 0.3163560515625 0.478515625
5 0.49437335468750004 0.4765625015625 0.45040522968749996 0.4716796890625 0.4311021453125 0.4736328125 0.4311021453125 0.5244140640625 0.45469480312500005 0.5576171875 0.426812575 0.5771484390625 0.47078070156249996 0.609375 0.547993028125 0.5957031234375 0.5630065328125 0.6171874984375 0.5554997796875 0.5849609359375 0.579092434375 0.5517578125 0.566223715625 0.4951171875 0.543703453125 0.4726562515625 0.5201107984375 0.4980468765625 0.49437335468750004 0.4765625015625
5 0.33994870625 0.6914062515625 0.25308484062500003 0.6591796890625 0.21233389218749998 0.7373046890625 0.21876825156250002 0.7880859359375 0.254157234375 0.8125 0.3099216921875 0.796875 0.3378039203125 0.806640625 0.32815237812500003 0.7900390640625 0.3710481171875 0.7607421875 0.36675854218750004 0.7197265609375 0.33994870625 0.6914062515625
5 0.13726635468749998 0.4794921875 0.1093841265625 0.4677734390625 0.05683685000000001 0.484375 0.018230687500000002 0.4726562515625 0.0386061640625 0.4990234390625 0.010723934374999999 0.5224609359375 0.004289575 0.5556640640625 0.0589816359375 0.6074218765625 0.15335225624999999 0.6171874984375 0.160859009375 0.5224609359375 0.13726635468749998 0.4794921875