5 0.8493355703125 0.3017578125 0.8536251453125001 0.3349609359375 0.961936878125 0.197265625 0.9211859296875 0.208984375 0.8772177984375 0.2490234390625 0.8493355703125 0.3017578125
5 0.8579147203125 0.4482421875 0.8429012109375 0.4716796890625 0.8536251453125001 0.5283203109375 0.9265478968749999 0.4736328125 0.9769503875 0.3828125015625 0.9168963546875 0.4023437484375 0.8579147203125 0.4482421875
5 0.45469480312500005 0.2431640640625 0.4311021453125 0.3408203109375 0.5319071265625 0.2626953109375 0.5737304671875 0.1894531234375 0.5029525046875001 0.208984375 0.45469480312500005 0.2431640640625
5 0.45147762187499996 0.9082031234375 0.4890113921875 0.9072265609375 0.5447758453125 0.8642578125 0.547993028125 0.7617187484375 0.43753650468750005 0.8720703109375 0.45147762187499996 0.9082031234375
5 0.8750730140625 0.0556640640625 0.8600595046875 0.1533203109375 0.9651540609374999 0.11230468906249999 0.961936878125 0.037109375 0.8997380609375 0.039062501562500004 0.8750730140625 0.0556640640625
5 0.32600759375 0.7939453109375 0.2670259578125 0.7617187484375 0.231636971875 0.8095703109375 0.25094005625000004 0.8447265609375 0.2252026125 0.8818359359375 0.29276339687499997 0.8828125015625 0.310994084375 0.9072265609375 0.30027015 0.8798828125 0.35603460781249996 0.8505859359375 0.319573234375 0.8310546890625 0.32600759375 0.7939453109375
5 0.35603460781249996 0.6572265609375 0.3388763125 0.6494140640625 0.35603460781249996 0.6259765609375 0.33029716875 0.6181640640625 0.3378039203125 0.572265625 0.297052971875 0.6210937484375 0.2563020234375 0.5957031234375 0.25951920156249997 0.6298828125 0.2230578265625 0.6259765609375 0.2252026125 0.6630859359375 0.25951920156249997 0.6982421875 0.25308484062500003 0.7216796890625 0.27560510312500003 0.7011718765625 0.3388763125 0.6884765609375 0.32815237812500003 0.6787109359375 0.35603460781249996 0.6572265609375
5 0.3431658875 0.0576171875 0.3624689671875 0.038085935937499996 0.341021103125 0.0302734390625 0.34638307031250004 0 0.314211265625 0.019531251562499997 0.2906186125 0.011718748437499999 0.240216121875 0.06933593593750001 0.25094005625000004 0.10253906406249999 0.2209130421875 0.0986328125 0.24450569687499998 0.1259765609375 0.23699893906249997 0.1425781234375 0.2605915984375 0.1269531234375 0.2874014296875 0.1435546890625 0.3345867390625 0.1044921875 0.3238628078125 0.08496093593750001 0.353889821875 0.0732421875 0.3431658875 0.0576171875
5 0.7882091499999999 0.5742187484375 0.7174311828125 0.6132812515625 0.6530875796875 0.6074218765625 0.6348568921875 0.6240234390625 0.6262777484375001 0.6865234390625 0.6423636453125 0.7148437484375 0.6777526265625 0.7158203109375 0.73995144375 0.6904296890625 0.746385803125 0.6552734390625 0.727082725 0.6220703109375 0.7882091499999999 0.5742187484375
5 0.7828471828125 0.4462890640625 0.7313722984375 0.4248046890625 0.719575971875 0.3828125015625 0.6852593828125 0.4023437484375 0.6434360375 0.3935546890625 0.6477256125 0.4306640640625 0.6241329578125 0.4462890640625 0.658449546875 0.4931640640625 0.6305673171875 0.5283203109375 0.6434360375 0.5302734390625 0.676680234375 0.4960937484375 0.7453134109375 0.4960937484375 0.746385803125 0.4677734390625 0.7828471828125 0.4462890640625
5 0.9866019250000001 0.6357421875 0.9479957656250001 0.6220703109375 0.9319098640625001 0.578125 0.8890141265624999 0.6015625015625 0.8514803593750001 0.6005859359375 0.8364668500000001 0.6455078125 0.8793625890625 0.6806640640625 0.86220429375 0.7138671875 0.8890141265624999 0.6894531234375 0.90188285 0.703125 0.9630092703124999 0.6943359359375 0.9866019250000001 0.6357421875
5 0.987674321875 0.759765625 0.9319098640625001 0.7890625015625 0.8890141265624999 0.7773437484375 0.8493355703125 0.7880859359375 0.8664938687499999 0.8095703109375 0.8343220656250001 0.8408203109375 0.8579147203125 0.8564453109375 0.8493355703125 0.9033203109375 0.9083172109375001 0.8886718765625 0.9286926828125001 0.9052734390625 0.9512129437500001 0.869140625 0.9780227796875 0.8681640640625 0.9501405515625001 0.7919921875 0.987674321875 0.759765625
5 0.6809698078124999 0.1914062515625 0.6777526265625 0.2177734390625 0.6305673171875 0.2451171875 0.6348568921875 0.2861328125 0.6788250234375 0.322265625 0.7571097390625 0.3330078125 0.7785576078124999 0.2548828125 0.7496029859375 0.224609375 0.698128103125 0.2304687484375 0.6809698078124999 0.1914062515625
5 0.754964953125 0.7861328125 0.7817747890625 0.7578125015625 0.7474582015625 0.775390625 0.7131416125000001 0.7636718765625 0.6520151875 0.8115234390625 0.6262777484375001 0.9013671875 0.676680234375 0.890625 0.7056348546875 0.9052734390625 0.7120692156249999 0.8779296890625 0.737806659375 0.8740234390625 0.7764128218749999 0.8154296890625 0.754964953125 0.7861328125
5 0.11474609375 0.039062501562500004 0.0375337703125 0.037109375 0.0139411125 0.0136718765625 0.040750948437500004 0.12402343906249999 0.0761399296875 0.1484374984375 0.1329767796875 0.1552734390625 0.15442465 0.1513671875 0.15871422500000001 0.1279296890625 0.1458455046875 0.06933593593750001 0.11474609375 0.039062501562500004
5 0.7613993125 0.11035156093750001 0.7828471828125 0.09082031093750001 0.746385803125 0.06347656093750001 0.7807023921875 0.0419921875 0.7796299999999999 0.009765625 0.73029990625 0.0273437484375 0.698128103125 0.005859375 0.6852593828125 0.041015625 0.654159971875 0.034179689062500004 0.654159971875 0.0732421875 0.6284225328125 0.08496093593750001 0.671318265625 0.11621093593750001 0.6648839062499999 0.1513671875 0.6831145937499999 0.125 0.719575971875 0.1484374984375 0.7678336734375 0.1259765609375 0.7613993125 0.11035156093750001
5 0.0386061640625 0.6220703109375 0.0064343593749999995 0.7158203109375 0.0257374390625 0.7177734390625 0.1201080609375 0.6923828125 0.1522798640625 0.6513671875 0.16622097656249998 0.568359375 0.0386061640625 0.6220703109375
5 0.0804295046875 0.203125 0.0428957390625 0.2275390640625 0.0193030796875 0.2646484390625 0.030027014062500003 0.3408203109375 0.0825742890625 0.3320312515625 0.13726635468749998 0.2900390640625 0.14906268281249999 0.1953125015625 0.0804295046875 0.203125
5 0.543703453125 0.587890625 0.5351243078125 0.603515625 0.47507027500000004 0.6054687484375 0.43324693437499995 0.6435546890625 0.4311021453125 0.7158203109375 0.486866603125 0.7177734390625 0.52868994375 0.708984375 0.5705132890625 0.6669921875 0.5705132890625 0.6181640640625 0.543703453125 0.587890625
5 0.0804295046875 0.7773437484375 0.021447868749999998 0.8251953109375 0.01715829375 0.8955078125 0.08150189687500001 0.9072265609375 0.143700715625 0.8662109359375 0.15656943437499998 0.8369140640625 0.146917896875 0.7773437484375 0.0804295046875 0.7773437484375
5 0.53726909375 0.0273437484375 0.468635915625 0.019531251562499997 0.420378215625 0.0576171875 0.41823342500000005 0.1455078125 0.482577028125 0.1494140640625 0.5383414859375 0.1259765609375 0.5426310609375 0.038085935937499996 0.5801648265625 0.009765625 0.53726909375 0.0273437484375
5 0.36997572500000003 0.3789062515625 0.24557808906249998 0.4042968765625 0.21876825156250002 0.4326171875 0.2209130421875 0.4990234390625 0.26809835 0.5322265609375 0.3163560515625 0.521484375 0.353889821875 0.4814453109375 0.33673152812499996 0.4033203109375 0.36997572500000003 0.3789062515625
5 0.566223715625 0.5048828125 0.579092434375 0.4482421875 0.5554997796875 0.4150390640625 0.5630065328125 0.3828125015625 0.547993028125 0.4042968765625 0.47078070156249996 0.390625 0.426812575 0.4228515609375 0.45469480312500005 0.4423828125 0.4311021453125 0.4755859359375 0.4311021453125 0.5263671875 0.45040522968749996 0.5283203109375 0.49437335468750004 0.5234374984375 0.5201107984375 0.5019531234375 0.543703453125 0.5273437484375 0.566223715625 0.5048828125
5 0.32815237812500003 0.2099609359375 0.3378039203125 0.193359375 0.3099216921875 0.203125 0.254157234375 0.1875 0.21876825156250002 0.2119140640625 0.21233389218749998 0.2626953109375 0.25308484062500003 0.3408203109375 0.33994870625 0.3085937484375 0.36675854218750004 0.2802734390625 0.3710481171875 0.2392578125 0.32815237812500003 0.2099609359375
5 0.0589816359375 0.3925781234375 0.004289575 0.4443359359375 0.010723934374999999 0.4775390640625 0.0386061640625 0.5009765609375 0.018230687500000002 0.5273437484375 0.05683685000000001 0.515625 0.1093841265625 0.5322265609375 0.13726635468749998 0.5205078125 0.160859009375 0.4775390640625 0.15335225624999999 0.3828125015625 0.0589816359375 0.3925781234375