5 0.8073561281250001 0.9111328125 0.914923034375 0.9765625 0.8387801687499999 0.8642578125 0.7674717671875 0.8125 0.8073561281250001 0.9111328125
5 0.8279026140625 0.3046875 0.9125058015624999 0.3164062484375 0.8907506984375001 0.25 0.7735148515625 0.2373046875 0.8279026140625 0.3046875
5 0.5982653906250001 0.9453125 0.668365178125 0.9707031234375 0.61881188125 0.8896484359375 0.63210666875 0.8652343765625 0.5765102875 0.8613281234375 0.5414603953125 0.8798828125 0.528165609375 0.9199218765625 0.5595896484375 0.9082031234375 0.5982653906250001 0.9453125
5 0.8206509109375 0.6074218765625 0.9245919703125001 0.6210937515625 0.9233833562499999 0.5693359359375 0.8955851640624999 0.5332031234375 0.800104425 0.5322265640625 0.8206509109375 0.6074218765625
5 0.5595896484375 0.1875 0.680451346875 0.1992187515625 0.6574876234375 0.1318359359375 0.668365178125 0.09765624843750001 0.6200205000000001 0.09179687656249999 0.593430925 0.1269531234375 0.558381034375 0.1318359359375 0.5595896484375 0.1875
5 0.79889580625 0.4628906234375 0.9197575046875001 0.484375 0.8738300593749999 0.390625 0.7928527234375 0.3837890640625 0.7807665546875 0.4384765640625 0.79889580625 0.4628906234375
5 0.3287438125 0.3037109359375 0.4387279546875 0.3476562484375 0.40609529687499996 0.2587890640625 0.3420385984375 0.2207031234375 0.3009456234375 0.21875 0.29731977187499997 0.2568359359375 0.3287438125 0.3037109359375
5 0.41697285156249997 0.5019531234375 0.4411451875 0.5019531234375 0.43993657500000005 0.4736328125 0.377088490625 0.3837890640625 0.3251179609375 0.3476562484375 0.28644221718749996 0.34375 0.282816365625 0.3740234359375 0.31665764375 0.4189453125 0.41697285156249997 0.5019531234375
5 0.1897528609375 0.8339843765625 0.199421796875 0.7636718765625 0.1933787125 0.7275390640625 0.1559115890625 0.71875 0.10998414375000001 0.7265625 0.0700997828125 0.7822265640625 0.0882290390625 0.8085937515625 0.1897528609375 0.8339843765625
5 0.129322015625 0.6738281234375 0.1970045640625 0.6660156234375 0.1933787125 0.6044921875 0.165580525 0.5683593765625 0.1124013765625 0.5664062484375 0.077351484375 0.5869140640625 0.060430846875 0.6376953125 0.08097733593749999 0.6621093765625 0.129322015625 0.6738281234375
5 0.0386757421875 0.4541015640625 0.1897528609375 0.53125 0.12327893125 0.4111328125 0.0858118015625 0.3789062484375 0.027798187499999998 0.3632812484375 0.01450340625 0.4013671875 0.0386757421875 0.4541015640625
5 0.6272721984375 0.8046875 0.6756168765624999 0.796875 0.6574876234375 0.7607421875 0.668365178125 0.7265625 0.6200205000000001 0.7011718765625 0.5656327328125 0.7119140640625 0.53662593125 0.7685546875 0.545086246875 0.8085937515625 0.6103515640625 0.8378906234375 0.6272721984375 0.8046875
5 0.6731996437500001 0.6464843765625 0.6756168765624999 0.6152343765625 0.6574876234375 0.5966796875 0.6719910296875 0.5634765640625 0.6103515640625 0.5351562484375 0.558381034375 0.5576171875 0.529374228125 0.6064453125 0.5789275203125 0.6679687515625 0.612768796875 0.6445312484375 0.6731996437500001 0.6464843765625
5 0.679242728125 0.4931640640625 0.680451346875 0.4550781234375 0.6719910296875 0.4072265640625 0.6345239015625 0.3828125 0.59101369375 0.3808593765625 0.5390431640625 0.4638671875 0.56442411875 0.4980468765625 0.6176032625000001 0.5097656234375 0.679242728125 0.4931640640625
5 0.3662109359375 0.1796875 0.43389348437499997 0.1835937515625 0.4351021046875 0.1298828125 0.40609529687499996 0.08691406406249999 0.28885945 0.044921876562500004 0.282816365625 0.0908203125 0.31665764375 0.1533203125 0.3662109359375 0.1796875
5 0.6635307078125 0.3535156234375 0.680451346875 0.3007812484375 0.6744082625 0.2529296875 0.64661006875 0.2324218765625 0.557172415625 0.2441406234375 0.529374228125 0.2685546875 0.5487120984375 0.3251953125 0.60551709375 0.3476562484375 0.6635307078125 0.3535156234375
5 0.1051496734375 0.9667968765625 0.187335628125 0.9726562484375 0.1740408421875 0.8759765640625 0.14865988593749999 0.8476562484375 0.0954807375 0.8476562484375 0.0338412765625 0.9033203125 0.0338412765625 0.9345703125 0.1051496734375 0.9667968765625
5 0.1740408421875 0.2724609359375 0.19217009375 0.2617187515625 0.1534943515625 0.2265625 0.0592222328125 0.2265625 0.0435102078125 0.2587890640625 0.0507619109375 0.3212890640625 0.073725634375 0.34375 0.102732440625 0.3300781234375 0.1269047828125 0.3476562484375 0.17766669375 0.3496093765625 0.188544246875 0.2978515640625 0.1740408421875 0.2724609359375
5 0.42664178750000004 0.9785156234375 0.44356242031250004 0.9492187515625 0.42543316875 0.8798828125 0.27919051562499997 0.8105468765625 0.3190748765625 0.9482421875 0.38554880625 0.9804687515625 0.42664178750000004 0.9785156234375
5 0.8641611234375001 0.8046875 0.927009203125 0.8105468765625 0.9233833562499999 0.7451171875 0.8847076140624999 0.6904296875 0.8351543171875001 0.6582031234375 0.7698889999999999 0.65625 0.7686803859375 0.7158203125 0.7928527234375 0.7646484359375 0.8641611234375001 0.8046875
5 0.89316793125 0.1796875 0.9245919703125001 0.1347656234375 0.904045484375 0.1064453125 0.9076713312500001 0.07226562343750001 0.8472404843750001 0.0625 0.8508663359374999 0.0419921875 0.8037302765625001 0.021484376562499997 0.749342515625 0.022460935937500003 0.7565942125 0.10058593593750001 0.7783493171875 0.11035156406249999 0.796478575 0.15625 0.8230681484375 0.1503906234375 0.89316793125 0.1796875
5 0.432684871875 0.6220703125 0.4363107234375 0.5957031234375 0.42543316875 0.5478515640625 0.37104540625000004 0.515625 0.2912766875 0.5234375 0.2658957328125 0.5634765640625 0.268312965625 0.6005859359375 0.3347868953125 0.6464843765625 0.404886678125 0.6386718765625 0.432684871875 0.6220703125
5 0.363793703125 0.8164062484375 0.4387279546875 0.8222656234375 0.42301593593750003 0.7216796875 0.3903832765625 0.6777343765625 0.32753519375 0.6679687515625 0.268312965625 0.6982421875 0.2610612625 0.7373046875 0.2936939203125 0.7832031234375 0.363793703125 0.8164062484375
5 0.131739246875 0.1796875 0.199421796875 0.1796875 0.171623609375 0.0830078125 0.13778233125 0.040039064062500004 0.08339456875 0.011718751562500001 0.025380954687500002 0.019531248437500003 0.0217551046875 0.08691406406249999 0.05559638125000001 0.1396484359375 0.131739246875 0.1796875