5 0.192643871875 0.0888671875 0.085076965625 0.0234375 0.16121983125 0.1357421875 0.2325282328125 0.1875 0.192643871875 0.0888671875
5 0.17209738593749999 0.6953125 0.0874941984375 0.6835937515625 0.10924930156249998 0.75 0.22648514843749998 0.7626953125 0.17209738593749999 0.6953125
5 0.40173460937499994 0.0546875 0.331634821875 0.0292968765625 0.38118811875 0.11035156406249999 0.36789333125 0.1347656234375 0.4234897125 0.1386718765625 0.4585396046875 0.1201171875 0.47183439062500004 0.08007812343750001 0.44041035156249997 0.09179687656249999 0.40173460937499994 0.0546875
5 0.1793490890625 0.3925781234375 0.0754080296875 0.3789062484375 0.07661664375 0.4306640640625 0.1044148359375 0.4667968765625 0.199895575 0.4677734359375 0.1793490890625 0.3925781234375
5 0.44041035156249997 0.8125 0.31954865312499997 0.8007812484375 0.3425123765625 0.8681640640625 0.331634821875 0.9023437515625 0.3799795 0.9082031234375 0.406569075 0.8730468765625 0.441618965625 0.8681640640625 0.44041035156249997 0.8125
5 0.20110419375 0.5371093765625 0.0802424953125 0.515625 0.126169940625 0.609375 0.20714727656249998 0.6162109359375 0.2192334453125 0.5615234359375 0.20110419375 0.5371093765625
5 0.6712561874999999 0.6962890640625 0.5612720453125 0.6523437515625 0.593904703125 0.7412109359375 0.6579614015625 0.7792968765625 0.6990543765624999 0.78125 0.702680228125 0.7431640640625 0.6712561874999999 0.6962890640625
5 0.5830271484375 0.4980468765625 0.5588548125 0.4980468765625 0.560063425 0.5263671875 0.622911509375 0.6162109359375 0.6748820390625 0.6523437515625 0.7135577828125 0.65625 0.717183634375 0.6259765640625 0.6833423562500001 0.5810546875 0.5830271484375 0.4980468765625
5 0.8102471390625 0.1660156234375 0.8005782031249999 0.2363281234375 0.8066212875 0.2724609359375 0.8440884109375 0.28125 0.89001585625 0.2734375 0.9299002171874999 0.2177734359375 0.9117709609375 0.1914062484375 0.8102471390625 0.1660156234375
5 0.8706779843750001 0.3261718765625 0.8029954359374999 0.3339843765625 0.8066212875 0.3955078125 0.834419475 0.4316406234375 0.8875986234375001 0.4335937515625 0.9226485156249999 0.4130859359375 0.939569153125 0.3623046875 0.9190226640624999 0.3378906234375 0.8706779843750001 0.3261718765625
5 0.9613242578125 0.5458984359375 0.8102471390625 0.46875 0.87672106875 0.5888671875 0.9141881984375001 0.6210937515625 0.9722018125 0.6367187515625 0.98549659375 0.5986328125 0.9613242578125 0.5458984359375
5 0.3727278015625 0.1953125 0.3243831234375 0.203125 0.3425123765625 0.2392578125 0.331634821875 0.2734375 0.3799795 0.2988281234375 0.43436726718749996 0.2880859359375 0.46337406875 0.2314453125 0.45491375312500004 0.1914062484375 0.3896484359375 0.1621093765625 0.3727278015625 0.1953125
5 0.32680035625000003 0.3535156234375 0.3243831234375 0.3847656234375 0.3425123765625 0.4033203125 0.3280089703125 0.4365234359375 0.3896484359375 0.4648437515625 0.441618965625 0.4423828125 0.470625771875 0.3935546875 0.42107247968749995 0.3320312484375 0.387231203125 0.3554687515625 0.32680035625000003 0.3535156234375
5 0.32075727187499997 0.5068359359375 0.31954865312499997 0.5449218765625 0.3280089703125 0.5927734359375 0.3654760984375 0.6171875 0.40898630625 0.6191406234375 0.46095683593750003 0.5361328125 0.43557588125 0.5019531234375 0.38239673750000003 0.4902343765625 0.32075727187499997 0.5068359359375
5 0.6337890640625 0.8203125 0.566106515625 0.8164062484375 0.5648978953125 0.8701171875 0.593904703125 0.9130859359375 0.71114055 0.9550781234375 0.717183634375 0.9091796875 0.6833423562500001 0.8466796875 0.6337890640625 0.8203125
5 0.3364692921875 0.6464843765625 0.31954865312499997 0.6992187515625 0.32559173750000003 0.7470703125 0.35338993125 0.7675781234375 0.44282758437499997 0.7558593765625 0.470625771875 0.7314453125 0.4512879015625 0.6748046875 0.39448290625000004 0.6523437515625 0.3364692921875 0.6464843765625
5 0.8948503265625 0.033203123437499996 0.812664371875 0.0273437515625 0.8259591578125001 0.12402343593750001 0.8513401140625 0.1523437515625 0.9045192625 0.1523437515625 0.9661587234375 0.0966796875 0.9661587234375 0.0654296875 0.8948503265625 0.033203123437499996
5 0.8259591578125001 0.7275390640625 0.80782990625 0.7382812484375 0.8465056484375 0.7734375 0.9407777671875 0.7734375 0.9564897921875 0.7412109359375 0.9492380890625001 0.6787109359375 0.9262743656250001 0.65625 0.8972675593749999 0.6699218765625 0.8730952171874999 0.6523437515625 0.82233330625 0.6503906234375 0.811455753125 0.7021484359375 0.8259591578125001 0.7275390640625
5 0.5733582125 0.021484376562499997 0.5564375796875 0.0507812484375 0.5745668312500001 0.1201171875 0.7208094843749999 0.1894531234375 0.6809251234375 0.0517578125 0.61445119375 0.019531248437500003 0.5733582125 0.021484376562499997
5 0.1358388765625 0.1953125 0.072990796875 0.1894531234375 0.07661664375 0.2548828125 0.11529238593749999 0.3095703125 0.1648456828125 0.3417968765625 0.230111 0.34375 0.2313196140625 0.2841796875 0.20714727656249998 0.2353515640625 0.1358388765625 0.1953125
5 0.10683206875 0.8203125 0.0754080296875 0.8652343765625 0.095954515625 0.8935546875 0.09232866875 0.9277343765625 0.152759515625 0.9375 0.1491336640625 0.9580078125 0.1962697234375 0.9785156234375 0.250657484375 0.9775390640625 0.24340578750000003 0.8994140640625 0.2216506828125 0.8896484359375 0.203521425 0.84375 0.1769318515625 0.8496093765625 0.10683206875 0.8203125
5 0.567315128125 0.3779296875 0.5636892765625 0.4042968765625 0.5745668312500001 0.4521484359375 0.62895459375 0.484375 0.7087233125 0.4765625 0.7341042671875 0.4365234359375 0.7316870343749999 0.3994140640625 0.6652131046875 0.3535156234375 0.595113321875 0.3613281234375 0.567315128125 0.3779296875
5 0.636206296875 0.1835937515625 0.5612720453125 0.1777343765625 0.5769840640624999 0.2783203125 0.6096167234375 0.3222656234375 0.67246480625 0.3320312484375 0.7316870343749999 0.3017578125 0.7389387375 0.2626953125 0.7063060796875 0.2167968765625 0.636206296875 0.1835937515625
5 0.868260753125 0.8203125 0.8005782031249999 0.8203125 0.828376390625 0.9169921875 0.8622176687499999 0.9599609359375 0.91660543125 0.9882812484375 0.9746190453124999 0.9804687515625 0.9782448953125 0.9130859359375 0.94440361875 0.8603515640625 0.868260753125 0.8203125