5 0.8573413343749999 0.94921875 0.9057667531250001 0.9111328109375 0.9450306078124999 0.7587890609375 0.79844555625 0.8779296890625 0.7971367578125 0.9628906234375 0.8573413343749999 0.94921875
5 0.5393041234375 0.8818359390625 0.5824943609375001 0.890625 0.61390544375 0.921875 0.708138690625 0.9042968765625 0.6885067625 0.8740234390625 0.7277706187499999 0.8583984390625 0.7382409796875 0.8330078109375 0.6767276078125 0.82421875 0.6832715874999999 0.7998046890625 0.6544780921875 0.7744140609375 0.6178318296875001 0.7861328109375 0.6112878562499999 0.8105468765625 0.5968911078125 0.7841796890625 0.5667888203125 0.7753906234375 0.5366865359374999 0.7958984390625 0.5419217109375001 0.8271484390625 0.513128221875 0.8310546890625 0.5393041234375 0.8818359390625
5 0.35083762812499997 0.7626953109375 0.3063385984375 0.7900390609375 0.2906330515625 0.8330078109375 0.3063385984375 0.8720703109375 0.3652343765625 0.8925781234375 0.429365334375 0.8603515609375 0.4398356953125 0.8232421890625 0.394027865625 0.7714843765625 0.35083762812499997 0.7626953109375
5 0.10871053593749999 0.8125 0.0733730671875 0.8525390609375 0.077299453125 0.9628906234375 0.1820030625 0.9238281234375 0.2225757109375 0.8798828109375 0.22519329843749997 0.7763671890625 0.18592944375 0.7744140609375 0.10871053593749999 0.8125
5 0.070755475 0.6220703109375 0.0890786078125 0.6513671890625 0.137504025 0.671875 0.200326190625 0.6640625 0.23042847968750002 0.6318359390625 0.21472293750000002 0.5751953109375 0.0733730671875 0.5263671890625 0.070755475 0.6220703109375
5 0.4031894328125 0.6142578109375 0.4031894328125 0.5869140609375 0.2958682375 0.5341796890625 0.31157377343750003 0.6259765609375 0.3599991953125 0.64453125 0.4031894328125 0.6142578109375
5 0.5968911078125 0.5380859390625 0.5288337624999999 0.5732421890625 0.5157458140625 0.6005859390625 0.5183634015624999 0.6572265609375 0.551083278125 0.6933593765625 0.585111953125 0.69140625 0.64400773125 0.6259765609375 0.636154959375 0.5791015609375 0.5968911078125 0.5380859390625
5 0.767034475 0.3623046890625 0.8010631437500001 0.4248046890625 0.8678116953125 0.4453125 0.9319426546875 0.4189453109375 0.9319426546875 0.3701171890625 0.8887524171875001 0.31640625 0.806298325 0.2880859390625 0.767034475 0.3623046890625
5 0.53145135 0.3291015609375 0.513128221875 0.3994140609375 0.5445393046875 0.4580078109375 0.6086702625 0.4765625 0.6492429125 0.4404296890625 0.664948453125 0.3662109390625 0.586420746875 0.2958984390625 0.53145135 0.3291015609375
5 0.40842461406249997 0.2958984390625 0.34691124218749997 0.30078125 0.27754510312499997 0.3388671890625 0.24613402031249998 0.3837890609375 0.26838353593750003 0.4238281234375 0.357381603125 0.4394531234375 0.4031894328125 0.4267578109375 0.434600515625 0.3544921890625 0.40842461406249997 0.2958984390625
5 0.028874031249999998 0.3701171890625 0.0681378859375 0.4326171890625 0.1008577625 0.4472656234375 0.09693138125 0.4111328109375 0.028874031249999998 0.3701171890625
5 0.19116462812499999 0.3818359390625 0.12048969062499999 0.4189453109375 0.11656330468750001 0.4472656234375 0.1545183609375 0.4326171890625 0.19116462812499999 0.3818359390625
5 0.19116462812499999 0.3271484390625 0.117872103125 0.3681640609375 0.11132812343750001 0.3984375 0.157135953125 0.3779296890625 0.19116462812499999 0.3271484390625
5 0.026256443750000004 0.3232421890625 0.0550499375 0.3701171890625 0.1008577625 0.39453125 0.0890786078125 0.3583984390625 0.026256443750000004 0.3232421890625
5 0.10216655625 0.2802734390625 0.0864610203125 0.3466796890625 0.10609294375 0.3730468765625 0.1283424640625 0.3330078109375 0.10216655625 0.2802734390625
5 0.8651941031250001 0.71484375 0.8547237421875 0.69140625 0.95550096875 0.6767578109375 0.900531571875 0.6611328109375 0.9685889171875001 0.5849609390625 0.8704292828125 0.625 0.858650128125 0.5263671890625 0.824621453125 0.5673828109375 0.8102247109375 0.62890625 0.7382409796875 0.5712890609375 0.7696520625 0.6552734390625 0.7199178453124999 0.6552734390625 0.784048809375 0.6953125 0.8180774796874999 0.6933593765625 0.8651941031250001 0.71484375
5 0.40842461406249997 0.6826171890625 0.395336659375 0.7177734390625 0.41496858750000004 0.734375 0.43198292812499994 0.6865234390625 0.40842461406249997 0.6826171890625
5 0.45161485 0.671875 0.4686291859375 0.6416015609375 0.42151256718749996 0.6689453109375 0.45161485 0.671875
5 0.6243758046875 0.7128906234375 0.668874840625 0.71875 0.6937419484375 0.7060546890625 0.671492428125 0.68359375 0.6230670109374999 0.6787109390625 0.6021262890625 0.6923828109375 0.6243758046875 0.7128906234375