5 0.094233246875 0.08886718906249999 0.0549693921875 0.2412109390625 0.20155444375 0.12207031093750001 0.2028632421875 0.037109376562500004 0.14265866562500001 0.05078125 0.094233246875 0.08886718906249999
5 0.4332111796875 0.2246093765625 0.4633134640625 0.2041015609375 0.4580782890625 0.1728515609375 0.486871778125 0.1689453109375 0.46069587656250005 0.11816406093750001 0.41750563906249993 0.109375 0.38609455625 0.078125 0.291861309375 0.09570312343750001 0.3114932375 0.1259765609375 0.27222938124999996 0.1416015609375 0.2617590203125 0.1669921890625 0.3232723921875 0.17578125 0.3167284125 0.2001953109375 0.3455219078125 0.2255859390625 0.3821681703125 0.2138671890625 0.38871214374999996 0.1894531234375 0.4031088921875 0.2158203109375 0.4332111796875 0.2246093765625
5 0.6347656234375 0.10742187656249999 0.570634665625 0.1396484390625 0.5601643046875 0.1767578109375 0.605972134375 0.2285156234375 0.6491623718749999 0.2373046890625 0.6936614015625 0.2099609390625 0.7093669484375 0.1669921890625 0.6936614015625 0.1279296890625 0.6347656234375 0.10742187656249999
5 0.8179969375 0.07617187656249999 0.7774242890624999 0.12011718906249999 0.7748067015625 0.2236328109375 0.8140705562500001 0.2255859390625 0.8912894640625 0.1875 0.9266269328125001 0.1474609390625 0.922700546875 0.037109376562500004 0.8179969375 0.07617187656249999
5 0.799673809375 0.3359375 0.7695715203125 0.3681640609375 0.7852770625 0.4248046890625 0.9266269328125001 0.4736328109375 0.929244525 0.3779296890625 0.9109213921875 0.3486328109375 0.8624959750000001 0.328125 0.799673809375 0.3359375
5 0.5968105671874999 0.4130859390625 0.7041317625 0.4658203109375 0.6884262265625 0.3740234390625 0.6400008046875 0.35546875 0.5968105671874999 0.3857421890625 0.5968105671874999 0.4130859390625
5 0.448916721875 0.3066406234375 0.41488804687499997 0.30859375 0.35599226875 0.3740234390625 0.363845040625 0.4208984390625 0.4031088921875 0.4619140609375 0.47116623750000003 0.4267578109375 0.4842541859375 0.3994140609375 0.48163659843750006 0.3427734390625 0.448916721875 0.3066406234375
5 0.06805734531249999 0.5810546890625 0.06805734531249999 0.6298828109375 0.1112475828125 0.68359375 0.193701675 0.7119140609375 0.232965525 0.6376953109375 0.19893685625 0.5751953109375 0.1321883046875 0.5546875 0.06805734531249999 0.5810546890625
5 0.3913297375 0.5234375 0.3507570875 0.5595703109375 0.335051546875 0.6337890609375 0.413579253125 0.7041015609375 0.46854864999999996 0.6708984390625 0.486871778125 0.6005859390625 0.4554606953125 0.5419921890625 0.3913297375 0.5234375
5 0.7316164640625 0.5761718765625 0.642618396875 0.5605468765625 0.5968105671874999 0.5732421890625 0.565399484375 0.6455078109375 0.5915753859375 0.7041015609375 0.6530887578125 0.69921875 0.722454896875 0.6611328109375 0.7538659796875 0.6162109390625 0.7316164640625 0.5761718765625
5 0.97112596875 0.6298828109375 0.9318621140625 0.5673828109375 0.8991422375000001 0.5527343765625 0.9030686187500001 0.5888671890625 0.97112596875 0.6298828109375
5 0.808835371875 0.6181640609375 0.8795103093750001 0.5810546890625 0.8834366953125 0.5527343765625 0.8454816390625 0.5673828109375 0.808835371875 0.6181640609375
5 0.808835371875 0.6728515609375 0.882127896875 0.6318359390625 0.8886718765625 0.6015625 0.842864046875 0.6220703109375 0.808835371875 0.6728515609375
5 0.97374355625 0.6767578109375 0.9449500625 0.6298828109375 0.8991422375000001 0.60546875 0.9109213921875 0.6416015609375 0.97374355625 0.6767578109375
5 0.89783344375 0.7197265609375 0.9135389796875 0.6533203109375 0.89390705625 0.6269531234375 0.8716575359375 0.6669921890625 0.89783344375 0.7197265609375
5 0.23034793750000002 0.3447265609375 0.2800821546875 0.3447265609375 0.215951190625 0.3046875 0.1819225203125 0.3066406234375 0.134805896875 0.28515625 0.1452762578125 0.30859375 0.04449903125 0.3232421890625 0.099468428125 0.3388671890625 0.031411082812500005 0.4150390609375 0.1295707171875 0.375 0.141349871875 0.4736328109375 0.175378546875 0.4326171890625 0.18977528906250002 0.37109375 0.2617590203125 0.4287109390625 0.23034793750000002 0.3447265609375
5 0.5915753859375 0.3173828109375 0.6046633406249999 0.2822265609375 0.5850314125 0.265625 0.5680170718750001 0.3134765609375 0.5915753859375 0.3173828109375
5 0.5784874328125 0.3310546890625 0.54838515 0.328125 0.5313708140625 0.3583984390625 0.5784874328125 0.3310546890625
5 0.3062580515625 0.2939453109375 0.328507571875 0.31640625 0.3769329890625 0.3212890609375 0.3978737109375 0.3076171890625 0.3756241953125 0.2871093765625 0.33112515937500003 0.28125 0.3062580515625 0.2939453109375