5 0.4775390625 0.029296875 0.4345703109375 0.076171875 0.453125 0.1572265640625 0.5693359375 0.21875 0.576171875 0.10449218593750001 0.5507812484375 0.0537109375 0.4775390625 0.029296875
5 0.7275390625 0.078125 0.6826171859375 0.111328125 0.7275390625 0.1660156265625 0.8095703109375 0.173828125 0.8857421859375 0.1484375015625 0.935546875 0.09277343593750001 0.8681640625 0.0625 0.7958984359375 0.0585937515625 0.7275390625 0.078125
5 0.7841796890625 0.3789062484375 0.6865234359375 0.4335937515625 0.8134765640625 0.5097656265625 0.8837890625 0.5 0.9472656265625 0.4423828140625 0.9130859375 0.390625 0.8603515640625 0.3691406265625 0.7841796890625 0.3789062484375
5 0.07519531093750001 0.591796875 0.0400390625 0.6347656265625 0.0869140625 0.669921875 0.1318359375 0.6601562484375 0.1328124984375 0.7177734359375 0.1689453109375 0.720703125 0.2265624984375 0.6806640625 0.21875 0.6025390625 0.3164062484375 0.5556640625 0.2216796890625 0.591796875 0.2080078140625 0.517578125 0.11230468906249999 0.5078124984375 0.09960937343750001 0.5498046890625 0.123046875 0.5791015640625 0.07519531093750001 0.591796875
5 0.11328124843750001 0.09472656406249999 0.08300781406249999 0.1875 0.0849609375 0.203125 0.1767578140625 0.203125 0.2373046890625 0.1816406265625 0.279296875 0.12207031093750001 0.2851562484375 0.0244140625 0.2060546890625 0.023437501562499997 0.1591796890625 0.041015626562500004 0.11328124843750001 0.09472656406249999
5 0.7216796890625 0.2128906265625 0.6650390625 0.2734375015625 0.6845703109375 0.2753906265625 0.7431640625 0.3398437515625 0.7978515640625 0.3554687515625 0.8564453109375 0.345703125 0.9375 0.2861328140625 0.8681640625 0.2226562484375 0.7958984359375 0.1972656265625 0.7216796890625 0.2128906265625
5 0.1435546890625 0.857421875 0.049804689062500004 0.8808593734375 0.1474609375 0.8691406265625 0.1728515640625 0.9492187515625 0.2021484359375 0.9609375015625 0.2197265640625 0.9414062484375 0.2431640625 0.9628906265625 0.2783203109375 0.9570312484375 0.283203125 0.9130859375 0.2578124984375 0.8740234359375 0.3017578140625 0.8632812484375 0.3378906265625 0.8076171859375 0.2939453109375 0.7734375015625 0.2431640625 0.7910156265625 0.251953125 0.7431640625 0.2255859375 0.7128906265625 0.1503906265625 0.7607421859375 0.1435546890625 0.857421875
5 0.06640624843750001 0.3154296890625 0.043945310937499996 0.373046875 0.0517578140625 0.423828125 0.1181640625 0.439453125 0.1728515640625 0.4316406265625 0.248046875 0.3720703109375 0.2929687515625 0.2666015640625 0.2197265640625 0.25 0.1279296890625 0.265625 0.06640624843750001 0.3154296890625
5 0.375 0.7275390625 0.3642578140625 0.7695312484375 0.3857421859375 0.8632812484375 0.4833984359375 0.8652343734375 0.529296875 0.8154296890625 0.5546875015625 0.7509765640625 0.5429687515625 0.6396484359375 0.4345703109375 0.6621093734375 0.375 0.7275390625
5 0.3828124984375 0.3642578140625 0.2939453109375 0.4023437515625 0.375 0.4638671859375 0.3271484359375 0.5273437515625 0.4189453109375 0.576171875 0.4814453109375 0.5585937515625 0.5166015640625 0.5117187515625 0.595703125 0.6103515640625 0.5214843734375 0.5029296890625 0.6152343734375 0.4541015640625 0.609375 0.4091796890625 0.5888671859375 0.34375 0.5429687515625 0.3505859375 0.5126953109375 0.263671875 0.4716796890625 0.2871093734375 0.4443359375 0.236328125 0.3662109375 0.205078125 0.3398437515625 0.2998046890625 0.3828124984375 0.3642578140625
5 0.6484375015625 0.7529296890625 0.6201171859375 0.763671875 0.6210937515625 0.8134765640625 0.6435546890625 0.8515624984375 0.7314453109375 0.8476562484375 0.7763671859375 0.9492187515625 0.8525390625 0.955078125 0.8623046890625 0.9316406265625 0.9003906265625 0.9189453109375 0.9628906265625 0.8232421859375 0.8515624984375 0.8154296890625 0.9296875015625 0.7626953109375 0.9570312484375 0.6103515640625 0.8173828140625 0.642578125 0.779296875 0.7255859375 0.7587890625 0.732421875 0.7392578140625 0.6054687515625 0.6464843734375 0.6884765640625 0.6484375015625 0.7529296890625