5 0.78125 0.4306640625 0.8427734359375 0.546875 0.923828125 0.5654296890625 0.970703125 0.5224609375 0.9462890625 0.4492187515625 0.8955078140625 0.423828125 0.78125 0.4306640625
5 0.9072265640625 0.064453125 0.8515624984375 0.11425781406249999 0.826171875 0.1904296890625 0.8339843734375 0.2724609375 0.888671875 0.3173828140625 0.921875 0.2724609375 0.9414062484375 0.2041015640625 0.9375 0.1318359375 0.9072265640625 0.064453125
5 0.5576171859375 0.0527343734375 0.5 0.1162109375 0.4902343734375 0.1865234359375 0.5664062484375 0.3134765640625 0.6210937515625 0.2158203109375 0.6308593734375 0.1396484359375 0.609375 0.0869140625 0.5576171859375 0.0527343734375
5 0.4921875015625 0.8876953109375 0.482421875 0.7919921859375 0.408203125 0.7783203109375 0.4443359375 0.6835937515625 0.3974609375 0.78125 0.3193359375 0.7734375015625 0.279296875 0.8310546890625 0.2822265640625 0.8671875015625 0.3398437515625 0.8681640625 0.330078125 0.9130859375 0.3652343734375 0.9599609375 0.408203125 0.9248046890625 0.4208984359375 0.876953125 0.4501953109375 0.9003906265625 0.4921875015625 0.8876953109375
5 0.9755859375 0.7148437515625 0.8779296890625 0.720703125 0.8183593734375 0.7626953109375 0.796875 0.8232421859375 0.796875 0.9150390625 0.8125 0.9169921859375 0.9052734359375 0.8867187515625 0.9589843734375 0.8408203109375 0.9765624984375 0.7939453109375 0.9755859375 0.7148437515625
5 0.7138671859375 0.0625 0.654296875 0.1435546890625 0.6445312484375 0.2021484359375 0.6601562484375 0.2568359375 0.7246093734375 0.3154296890625 0.7265624984375 0.3349609375 0.7871093734375 0.2783203109375 0.8027343734375 0.2041015640625 0.7773437515625 0.1318359375 0.7138671859375 0.0625
5 0.2568359375 0.748046875 0.2089843734375 0.7568359375 0.2265624984375 0.7060546890625 0.1923828140625 0.6621093734375 0.1367187515625 0.6982421859375 0.1259765640625 0.7421875015625 0.0869140625 0.716796875 0.042968751562500004 0.7216796890625 0.037109373437499996 0.7568359375 0.0585937515625 0.7802734359375 0.039062498437499996 0.7978515640625 0.0507812484375 0.8271484359375 0.1308593734375 0.8525390625 0.11914062656249999 0.9501953109375 0.142578125 0.8564453109375 0.2392578140625 0.8496093734375 0.2871093734375 0.7744140625 0.2568359375 0.748046875
5 0.7333984359375 0.7070312484375 0.6279296890625 0.751953125 0.5683593734375 0.8271484359375 0.560546875 0.8818359375 0.576171875 0.9482421859375 0.626953125 0.9560546890625 0.6845703109375 0.9335937515625 0.734375 0.8720703109375 0.75 0.7802734359375 0.7333984359375 0.7070312484375
5 0.2490234359375 0.4453124984375 0.1845703109375 0.470703125 0.1347656265625 0.5166015640625 0.1367187515625 0.6142578140625 0.2304687515625 0.6357421859375 0.2724609375 0.625 0.3378906265625 0.5654296890625 0.3603515640625 0.4570312484375 0.2490234359375 0.4453124984375
5 0.763671875 0.5556640625 0.7128906265625 0.5283203109375 0.736328125 0.4873046890625 0.6494140625 0.4570312484375 0.65625 0.4111328140625 0.5908203109375 0.390625 0.5458984359375 0.3847656265625 0.4970703109375 0.4785156265625 0.3896484359375 0.404296875 0.4882812484375 0.4833984359375 0.4414062484375 0.5185546890625 0.423828125 0.5810546890625 0.4726562484375 0.6728515640625 0.5361328140625 0.625 0.5976562484375 0.7060546890625 0.6357421859375 0.6171875015625 0.7001953109375 0.6601562484375 0.794921875 0.6337890625 0.763671875 0.5556640625
5 0.267578125 0.2412109375 0.2744140625 0.220703125 0.357421875 0.1826171859375 0.3896484359375 0.042968751562500004 0.2373046890625 0.07031249843750001 0.1845703109375 0.1484375015625 0.1767578140625 0.037109373437499996 0.08105468906249999 0.09960937343750001 0.06835937343750001 0.1376953109375 0.044921875 0.1474609375 0.0507812484375 0.2236328140625 0.1523437515625 0.2685546890625 0.1484375015625 0.3564453109375 0.1865234359375 0.3789062484375 0.236328125 0.3798828140625 0.2470703109375 0.3515624984375 0.3115234359375 0.3535156265625 0.3945312484375 0.2607421859375 0.267578125 0.2412109375