5 0.2294921859375 0.390625 0.2919921859375 0.421875 0.3623046890625 0.4257812484375 0.341796875 0.3505859375 0.2841796890625 0.296875 0.2294921859375 0.2753906265625 0.169921875 0.2958984359375 0.1816406265625 0.3369140625 0.2294921859375 0.390625
5 0.4892578140625 0.689453125 0.2236328140625 0.5976562484375 0.158203125 0.6005859375 0.1845703109375 0.6523437515625 0.3056640625 0.7148437515625 0.4287109375 0.7148437515625 0.4892578140625 0.689453125
5 0.2001953109375 0.8125 0.3154296890625 0.814453125 0.0615234359375 0.6171875015625 0.041992185937499996 0.611328125 0.013671875 0.6357421859375 0.015625 0.7080078140625 0.10449218593750001 0.78125 0.2001953109375 0.8125
5 0.1025390625 0.9492187515625 0.1845703109375 0.966796875 0.3369140625 0.9609375015625 0.2451171859375 0.861328125 0.11035156406249999 0.796875 0.06738281406249999 0.796875 0.017578125 0.8544921859375 0.03125 0.9072265640625 0.1025390625 0.9492187515625
5 0.1005859375 0.2773437515625 0.1787109375 0.2460937515625 0.232421875 0.1787109375 0.2412109375 0.11523437343750001 0.2294921859375 0.021484373437500003 0.1357421859375 0.033203125 0.07714843593750001 0.06835937343750001 0.0078124984375 0.1669921859375 0.041015626562500004 0.2685546890625 0.1005859375 0.2773437515625
5 0.3535156265625 0.8466796890625 0.361328125 0.9130859375 0.3896484359375 0.955078125 0.4287109375 0.9726562484375 0.5224609375 0.966796875 0.5839843734375 0.9228515640625 0.5869140625 0.845703125 0.5722656265625 0.7919921859375 0.5283203109375 0.748046875 0.5009765640625 0.732421875 0.4384765640625 0.7382812484375 0.3671875015625 0.8017578140625 0.3535156265625 0.8466796890625
5 0.023437501562499997 0.5556640625 0.07324218593750001 0.6015624984375 0.10644531093750001 0.6015624984375 0.1650390625 0.5527343734375 0.2470703109375 0.5273437515625 0.2666015640625 0.453125 0.2080078140625 0.3847656265625 0.12207031093750001 0.359375 0.0537109375 0.3085937515625 0.046875 0.3994140625 0.017578125 0.4619140625 0.023437501562499997 0.5556640625
5 0.7597656265625 0.11230468906249999 0.7158203109375 0.126953125 0.6777343734375 0.1865234359375 0.6914062484375 0.2470703109375 0.7294921859375 0.3066406265625 0.7958984359375 0.2714843734375 0.8349609375 0.310546875 0.8818359375 0.3242187515625 0.970703125 0.3251953109375 0.9755859375 0.2128906265625 0.9462890625 0.15625 0.8789062484375 0.1318359375 0.9375 0.0380859375 0.8525390625 0.023437501562499997 0.7685546890625 0.064453125 0.7597656265625 0.11230468906249999
5 0.359375 0.5380859375 0.4179687515625 0.6142578140625 0.4775390625 0.658203125 0.5595703109375 0.6816406265625 0.6748046890625 0.6132812484375 0.6660156265625 0.5400390625 0.6210937515625 0.4599609375 0.5400390625 0.408203125 0.4091796890625 0.4160156265625 0.357421875 0.4599609375 0.359375 0.5380859375
5 0.7763671859375 0.6035156265625 0.8544921859375 0.6132812484375 0.9208984359375 0.5996093734375 0.96875 0.5439453109375 0.9755859375 0.5 0.935546875 0.3994140625 0.8564453109375 0.3496093734375 0.607421875 0.3603515640625 0.638671875 0.3935546890625 0.7128906265625 0.5595703109375 0.7763671859375 0.6035156265625
5 0.8310546890625 0.6367187515625 0.7939453109375 0.673828125 0.7431640625 0.607421875 0.7148437515625 0.6201171859375 0.7001953109375 0.6621093734375 0.638671875 0.6845703109375 0.611328125 0.7333984359375 0.6347656265625 0.7783203109375 0.611328125 0.7919921859375 0.6035156265625 0.8251953109375 0.6201171859375 0.84375 0.6875 0.8583984359375 0.6621093734375 0.8896484359375 0.6728515640625 0.9140624984375 0.7177734359375 0.921875 0.8017578140625 0.904296875 0.9326171859375 0.966796875 0.9755859375 0.9628906265625 0.9814453109375 0.9296875015625 0.9316406265625 0.8583984359375 0.9472656265625 0.7587890625 0.9228515640625 0.7539062484375 0.876953125 0.7802734359375 0.8818359375 0.6523437515625 0.8310546890625 0.6367187515625
5 0.5927734359375 0.171875 0.6708984359375 0.1328124984375 0.6708984359375 0.10351562656249999 0.6064453109375 0.06640624843750001 0.4375 0.09082031093750001 0.4580078140625 0.06835937343750001 0.5283203109375 0.060546875 0.5673828140625 0.013671875 0.5146484359375 0.013671875 0.3857421859375 0.07226562656249999 0.3789062484375 0.0302734359375 0.3603515640625 0.033203125 0.296875 0.09277343593750001 0.3320312484375 0.1474609375 0.2441406265625 0.1630859375 0.25 0.2216796890625 0.2910156265625 0.2294921859375 0.3046875015625 0.2978515640625 0.3701171859375 0.3632812484375 0.3789062484375 0.3115234359375 0.3525390625 0.2460937515625 0.4052734359375 0.3222656265625 0.435546875 0.3251953109375 0.4482421859375 0.361328125 0.5253906265625 0.3662109375 0.5097656265625 0.2939453109375 0.4570312484375 0.2646484359375 0.4541015640625 0.2265624984375 0.5126953109375 0.251953125 0.5517578140625 0.3125 0.5830078140625 0.3027343734375 0.6103515640625 0.328125 0.6748046890625 0.3320312484375 0.6865234359375 0.3066406265625 0.6484375015625 0.2490234359375 0.6455078140625 0.2148437515625 0.5791015640625 0.2109375015625 0.4765624984375 0.1611328140625 0.5205078140625 0.142578125 0.5927734359375 0.171875