5 0.7041015640625 0.169921875 0.6630859375 0.1816406265625 0.609375 0.2294921859375 0.578125 0.2919921859375 0.5742187515625 0.3623046890625 0.6494140625 0.341796875 0.703125 0.2841796890625 0.7246093734375 0.2294921859375 0.7041015640625 0.169921875
5 0.2851562484375 0.3056640625 0.2851562484375 0.4287109375 0.310546875 0.4892578140625 0.4023437515625 0.2236328140625 0.3994140625 0.158203125 0.3476562484375 0.1845703109375 0.2851562484375 0.3056640625
5 0.2919921859375 0.015625 0.21875 0.10449218593750001 0.1875 0.2001953109375 0.185546875 0.3154296890625 0.3828124984375 0.0615234359375 0.388671875 0.041992185937499996 0.3642578140625 0.013671875 0.2919921859375 0.015625
5 0.1455078140625 0.017578125 0.09277343593750001 0.03125 0.0507812484375 0.1025390625 0.033203125 0.1845703109375 0.039062498437499996 0.3369140625 0.138671875 0.2451171859375 0.203125 0.11035156406249999 0.203125 0.06738281406249999 0.1455078140625 0.017578125
5 0.8330078140625 0.0078124984375 0.7314453109375 0.041015626562500004 0.7226562484375 0.1005859375 0.7539062484375 0.1787109375 0.8212890625 0.232421875 0.8847656265625 0.2412109375 0.9785156265625 0.2294921859375 0.966796875 0.1357421859375 0.9316406265625 0.07714843593750001 0.8330078140625 0.0078124984375
5 0.2617187515625 0.4384765640625 0.1982421859375 0.3671875015625 0.1533203109375 0.3535156265625 0.0869140625 0.361328125 0.044921875 0.3896484359375 0.0273437515625 0.4287109375 0.033203125 0.5224609375 0.07714843593750001 0.5839843734375 0.154296875 0.5869140625 0.2080078140625 0.5722656265625 0.251953125 0.5283203109375 0.267578125 0.5009765640625 0.2617187515625 0.4384765640625
5 0.6005859375 0.046875 0.5380859375 0.017578125 0.4443359375 0.023437501562499997 0.3984375015625 0.07324218593750001 0.3984375015625 0.10644531093750001 0.4472656265625 0.1650390625 0.4726562484375 0.2470703109375 0.546875 0.2666015640625 0.6152343734375 0.2080078140625 0.640625 0.12207031093750001 0.6914062484375 0.0537109375 0.6005859375 0.046875
5 0.9765624984375 0.8525390625 0.935546875 0.7685546890625 0.8876953109375 0.7597656265625 0.873046875 0.7158203109375 0.8134765640625 0.6777343734375 0.7529296890625 0.6914062484375 0.6933593734375 0.7294921859375 0.7285156265625 0.7958984359375 0.689453125 0.8349609375 0.6757812484375 0.8818359375 0.6748046890625 0.970703125 0.7871093734375 0.9755859375 0.84375 0.9462890625 0.8681640625 0.8789062484375 0.9619140625 0.9375 0.9765624984375 0.8525390625
5 0.5839843734375 0.4091796890625 0.5400390625 0.357421875 0.4619140625 0.359375 0.3857421859375 0.4179687515625 0.341796875 0.4775390625 0.3183593734375 0.5595703109375 0.3867187515625 0.6748046890625 0.4599609375 0.6660156265625 0.5400390625 0.6210937515625 0.591796875 0.5400390625 0.5839843734375 0.4091796890625
5 0.6064453109375 0.638671875 0.4404296890625 0.7128906265625 0.3964843734375 0.7763671859375 0.3867187515625 0.8544921859375 0.4003906265625 0.9208984359375 0.4560546890625 0.96875 0.5 0.9755859375 0.6005859375 0.935546875 0.6503906265625 0.8564453109375 0.6396484359375 0.607421875 0.6064453109375 0.638671875
5 0.2197265640625 0.876953125 0.3476562484375 0.8818359375 0.3632812484375 0.8310546890625 0.326171875 0.7939453109375 0.392578125 0.7431640625 0.3798828140625 0.7148437515625 0.3378906265625 0.7001953109375 0.3154296890625 0.638671875 0.2666015640625 0.611328125 0.2216796890625 0.6347656265625 0.2080078140625 0.611328125 0.1748046890625 0.6035156265625 0.15625 0.6201171859375 0.1416015640625 0.6875 0.11035156406249999 0.6621093734375 0.08593750156249999 0.6728515640625 0.078125 0.7177734359375 0.095703125 0.8017578140625 0.033203125 0.9326171859375 0.037109373437499996 0.9755859375 0.07031249843750001 0.9814453109375 0.1416015640625 0.9316406265625 0.2412109375 0.9472656265625 0.2460937515625 0.9228515640625 0.2197265640625 0.876953125
5 0.8388671859375 0.4765624984375 0.857421875 0.5205078140625 0.828125 0.5927734359375 0.8671875015625 0.6708984359375 0.8964843734375 0.6708984359375 0.9335937515625 0.6064453109375 0.9091796890625 0.4375 0.9316406265625 0.4580078140625 0.939453125 0.5283203109375 0.986328125 0.5673828140625 0.986328125 0.5146484359375 0.9277343734375 0.3857421859375 0.9697265640625 0.3789062484375 0.966796875 0.3603515640625 0.9072265640625 0.296875 0.8525390625 0.3320312484375 0.8369140625 0.2441406265625 0.7783203109375 0.25 0.7705078140625 0.2910156265625 0.7021484359375 0.3046875015625 0.6367187515625 0.3701171859375 0.6884765640625 0.3789062484375 0.7539062484375 0.3525390625 0.6777343734375 0.4052734359375 0.6748046890625 0.435546875 0.638671875 0.4482421859375 0.6337890625 0.5253906265625 0.7060546890625 0.5097656265625 0.7353515640625 0.4570312484375 0.7734375015625 0.4541015640625 0.748046875 0.5126953109375 0.6875 0.5517578140625 0.6972656265625 0.5830078140625 0.671875 0.6103515640625 0.6679687515625 0.6748046890625 0.6933593734375 0.6865234359375 0.7509765640625 0.6484375015625 0.7851562484375 0.6455078140625 0.7890624984375 0.5791015640625 0.8388671859375 0.4765624984375