5 0.2558593734375 0.6083984359375 0.3271484359375 0.607421875 0.3876953109375 0.5625 0.4257812484375 0.4912109375 0.408203125 0.4775390625 0.3154296890625 0.517578125 0.2558593734375 0.6083984359375
5 0.5537109375 0.3964843734375 0.5117187515625 0.4931640625 0.5869140625 0.482421875 0.6552734359375 0.435546875 0.6757812484375 0.3857421859375 0.6689453109375 0.3671875015625 0.6484375015625 0.3662109375 0.5537109375 0.3964843734375
5 0.5117187515625 0.5400390625 0.4326171859375 0.5742187515625 0.361328125 0.6357421859375 0.314453125 0.7001953109375 0.3037109375 0.7539062484375 0.3720703109375 0.7265624984375 0.435546875 0.6748046890625 0.498046875 0.5888671859375 0.5117187515625 0.5400390625
5 0.2128906265625 0.6904296890625 0.1826171859375 0.6328124984375 0.091796875 0.5966796890625 0.0527343734375 0.6318359375 0.07421875156249999 0.6630859375 0.0273437515625 0.7080078140625 0.07031249843750001 0.7353515640625 0.0849609375 0.7734375015625 0.1494140625 0.720703125 0.1845703109375 0.7441406265625 0.2128906265625 0.6904296890625
5 0.9277343734375 0.5263671859375 0.8242187515625 0.5927734359375 0.7871093734375 0.6513671859375 0.7724609375 0.71875 0.8662109375 0.6933593734375 0.9414062484375 0.6298828140625 0.966796875 0.5439453109375 0.9560546890625 0.5253906265625 0.9277343734375 0.5263671859375
5 0.1513671859375 0.06640624843750001 0.095703125 0.1162109375 0.0380859375 0.265625 0.09863281406249999 0.248046875 0.1796875015625 0.1845703109375 0.2226562484375 0.1162109375 0.2226562484375 0.047851564062500004 0.1513671859375 0.06640624843750001
5 0.08593750156249999 0.8564453109375 0.043945310937499996 0.9746093734375 0.1455078140625 0.9453124984375 0.205078125 0.8935546890625 0.2460937515625 0.7626953109375 0.1533203109375 0.798828125 0.08593750156249999 0.8564453109375
5 0.2939453109375 0.2734375015625 0.2714843734375 0.3173828140625 0.2939453109375 0.421875 0.4013671859375 0.4121093734375 0.4433593734375 0.3642578140625 0.435546875 0.2783203109375 0.3378906265625 0.2509765640625 0.2939453109375 0.2734375015625
5 0.7578124984375 0.09472656406249999 0.6650390625 0.126953125 0.5693359375 0.1875 0.517578125 0.2529296890625 0.482421875 0.3349609375 0.5458984359375 0.3242187515625 0.6259765640625 0.279296875 0.685546875 0.2158203109375 0.7578124984375 0.09472656406249999
5 0.4609375015625 0.7783203109375 0.3818359375 0.7890624984375 0.3388671859375 0.8183593734375 0.2695312484375 0.9013671859375 0.2578124984375 0.9697265640625 0.3466796890625 0.9609375015625 0.4228515640625 0.921875 0.4628906265625 0.8662109375 0.4609375015625 0.7783203109375
5 0.21875 0.4580078140625 0.21875 0.4013671859375 0.1669921859375 0.3496093734375 0.10546875156249999 0.3310546890625 0.033203125 0.3876953109375 0.0527343734375 0.4248046890625 0.03125 0.4716796890625 0.07714843593750001 0.482421875 0.10449218593750001 0.5273437515625 0.1435546890625 0.4921875015625 0.1923828140625 0.513671875 0.21875 0.4580078140625
5 0.6503906265625 0.5244140625 0.580078125 0.5908203109375 0.5439453109375 0.748046875 0.6728515640625 0.6933593734375 0.751953125 0.6103515640625 0.75 0.5830078140625 0.7138671859375 0.5703124984375 0.6884765640625 0.529296875 0.6503906265625 0.5244140625
5 0.6679687515625 0.7802734359375 0.5751953109375 0.7890624984375 0.5234375015625 0.8291015640625 0.4941406265625 0.9228515640625 0.5107421859375 0.9589843734375 0.5478515640625 0.9746093734375 0.6484375015625 0.9306640625 0.6835937515625 0.8505859375 0.6679687515625 0.7802734359375
5 0.4423828140625 0.078125 0.294921875 0.1748046890625 0.3896484359375 0.1777343734375 0.5048828140625 0.154296875 0.6708984359375 0.08203124843750001 0.7265624984375 0.0302734359375 0.65625 0.0244140625 0.4423828140625 0.078125
5 0.9628906265625 0.8251953109375 0.9365234359375 0.796875 0.8896484359375 0.794921875 0.8740234359375 0.7539062484375 0.8339843734375 0.7470703109375 0.7900390625 0.7597656265625 0.7421875015625 0.8056640625 0.7246093734375 0.8544921859375 0.736328125 0.9130859375 0.7978515640625 0.9648437515625 0.9306640625 0.96875 0.9726562484375 0.9111328140625 0.9628906265625 0.8251953109375