5 0.482421875 0.6845703109375 0.5224609375 0.591796875 0.5087890625 0.5742187515625 0.4375 0.6123046890625 0.392578125 0.6728515640625 0.3916015640625 0.7441406265625 0.482421875 0.6845703109375
5 0.6035156265625 0.4462890625 0.6337890625 0.3515624984375 0.6328124984375 0.3310546890625 0.6142578140625 0.3242187515625 0.564453125 0.3447265640625 0.517578125 0.4130859375 0.5068359375 0.4882812484375 0.6035156265625 0.4462890625
5 0.4257812484375 0.5673828140625 0.4599609375 0.4882812484375 0.4111328140625 0.501953125 0.3251953109375 0.564453125 0.2734375015625 0.6279296890625 0.2460937515625 0.6962890625 0.2998046890625 0.685546875 0.3642578140625 0.638671875 0.4257812484375 0.5673828140625
5 0.3681640625 0.9472656265625 0.4033203109375 0.908203125 0.3671875015625 0.8173828140625 0.3095703109375 0.7871093734375 0.2558593734375 0.8154296890625 0.279296875 0.8505859375 0.2265624984375 0.9150390625 0.2646484359375 0.9296875015625 0.2919921859375 0.9726562484375 0.3369140625 0.9257812484375 0.3681640625 0.9472656265625
5 0.4072265640625 0.1757812484375 0.4736328140625 0.07226562656249999 0.4746093734375 0.043945310937499996 0.4560546890625 0.033203125 0.3701171859375 0.0585937515625 0.3066406265625 0.1337890625 0.28125 0.2275390625 0.3486328140625 0.2128906265625 0.4072265640625 0.1757812484375
5 0.9335937515625 0.8486328140625 0.9521484359375 0.7773437515625 0.8837890625 0.7773437515625 0.8154296890625 0.8203124984375 0.751953125 0.9013671859375 0.734375 0.9619140625 0.8837890625 0.904296875 0.9335937515625 0.8486328140625
5 0.201171875 0.8466796890625 0.2373046890625 0.7539062484375 0.10644531093750001 0.794921875 0.0546875015625 0.8544921859375 0.0253906265625 0.9560546890625 0.1435546890625 0.9140624984375 0.201171875 0.8466796890625
5 0.7265624984375 0.7060546890625 0.7490234359375 0.6621093734375 0.7216796890625 0.564453125 0.6357421859375 0.5566406265625 0.5878906265625 0.5986328140625 0.578125 0.7060546890625 0.6826171859375 0.7285156265625 0.7265624984375 0.7060546890625
5 0.873046875 0.3349609375 0.9052734359375 0.2421875015625 0.7841796890625 0.314453125 0.720703125 0.3740234359375 0.6757812484375 0.4541015640625 0.6650390625 0.517578125 0.7470703109375 0.482421875 0.8125 0.4306640625 0.873046875 0.3349609375
5 0.2109375015625 0.6181640625 0.2216796890625 0.5390624984375 0.1337890625 0.5371093734375 0.078125 0.5771484359375 0.039062498437499996 0.6533203109375 0.0302734359375 0.7421875015625 0.09863281406249999 0.7304687515625 0.1816406265625 0.6611328140625 0.2109375015625 0.6181640625
5 0.6123046890625 0.966796875 0.6689453109375 0.8945312484375 0.6503906265625 0.8330078140625 0.5986328140625 0.78125 0.5419921859375 0.78125 0.486328125 0.8076171859375 0.5078124984375 0.8564453109375 0.4726562484375 0.8955078140625 0.517578125 0.9228515640625 0.5283203109375 0.96875 0.5751953109375 0.9472656265625 0.6123046890625 0.966796875
5 0.4091796890625 0.419921875 0.4755859375 0.3496093734375 0.470703125 0.3115234359375 0.4296875015625 0.2861328140625 0.4169921859375 0.25 0.3896484359375 0.248046875 0.3066406265625 0.3271484359375 0.251953125 0.4560546890625 0.4091796890625 0.419921875
5 0.2109375015625 0.4248046890625 0.2197265640625 0.3320312484375 0.1494140625 0.3164062484375 0.0693359375 0.3515624984375 0.0253906265625 0.4521484359375 0.041015626562500004 0.4892578140625 0.07714843593750001 0.5058593734375 0.1708984359375 0.4765624984375 0.2109375015625 0.4248046890625
5 0.921875 0.5576171859375 0.9755859375 0.34375 0.9697265640625 0.2734375015625 0.9179687515625 0.3291015640625 0.845703125 0.4951171859375 0.8222656265625 0.6103515640625 0.8251953109375 0.705078125 0.921875 0.5576171859375
5 0.2402343734375 0.2099609375 0.2529296890625 0.1660156265625 0.2460937515625 0.1259765640625 0.205078125 0.11035156406249999 0.203125 0.06347656406249999 0.1748046890625 0.037109373437499996 0.08886718593750001 0.0273437515625 0.03125 0.0693359375 0.035156248437499996 0.2021484359375 0.0869140625 0.263671875 0.1455078140625 0.2753906265625 0.1943359375 0.2578124984375 0.2402343734375 0.2099609375