4 0.1816406265625 0.032226564062500004 0.216796875 0.1552734359375 0.2109375015625 0.2958984359375 0.2265624984375 0.3095703109375 0.3808593734375 0.2705078140625 0.3623046890625 0.023437501562499997 0.3037109375 0.041015626562500004 0.1816406265625 0.032226564062500004
4 0.392578125 0.0126953109375 0.4003906265625 0.2783203109375 0.455078125 0.2861328140625 0.5419921859375 0.2851562484375 0.564453125 0.2568359375 0.5751953109375 0 0.392578125 0.0126953109375
4 0.560546875 0.2880859375 0.6611328140625 0.2890624984375 0.748046875 0.3134765640625 0.7734375015625 0.09277343593750001 0.5869140625 0.048828125 0.6015624984375 0.2216796890625 0.560546875 0.2880859375
4 0.041992185937499996 0.11718750156249999 0.021484373437500003 0.1650390625 0.021484373437500003 0.3642578140625 0.06835937343750001 0.3818359375 0.1572265640625 0.3789062484375 0.201171875 0.3544921859375 0.1708984359375 0.11328124843750001 0.041992185937499996 0.11718750156249999
4 0.1962890625 0.3671875015625 0.0058593734375 0.3837890625 0.042968751562500004 0.6923828140625 0.0556640625 0.6660156265625 0.09277343593750001 0.6796875015625 0.2578124984375 0.6474609375 0.1962890625 0.3671875015625
4 0.060546875 0.6806640625 0.091796875 0.8623046890625 0.091796875 0.9892578140625 0.3320312484375 0.9365234359375 0.3085937515625 0.9052734359375 0.2666015640625 0.6601562484375 0.060546875 0.6806640625
4 0.2705078140625 0.3222656265625 0.2587890625 0.310546875 0.2470703109375 0.3242187515625 0.203125 0.3212890625 0.267578125 0.6064453109375 0.3251953109375 0.576171875 0.4472656265625 0.5576171859375 0.3779296890625 0.2851562484375 0.2705078140625 0.3222656265625
4 0.4892578140625 0.3222656265625 0.4189453109375 0.294921875 0.4453124984375 0.3798828140625 0.4257812484375 0.4892578140625 0.453125 0.5419921859375 0.4492187515625 0.5732421859375 0.5664062484375 0.5791015640625 0.595703125 0.5224609375 0.59375 0.3935546890625 0.6210937515625 0.3232421859375 0.4892578140625 0.3222656265625
4 0.5878906265625 0.5673828140625 0.7460937515625 0.6083984359375 0.78125 0.5146484359375 0.810546875 0.3486328140625 0.6376953109375 0.3164062484375 0.5878906265625 0.5673828140625
4 0.955078125 0.2548828140625 0.9882812484375 0.1552734359375 0.8916015640625 0.10546875156249999 0.8632812484375 0.2021484359375 0.955078125 0.2548828140625
4 0.8378906265625 0.3466796890625 0.9335937515625 0.3818359375 0.9570312484375 0.2783203109375 0.8837890625 0.2421875015625 0.8642578140625 0.248046875 0.8378906265625 0.3466796890625
4 0.876953125 0.1279296890625 0.7880859375 0.08593750156249999 0.763671875 0.1728515640625 0.7578124984375 0.3232421859375 0.810546875 0.3369140625 0.8581416171875 0.2443823859375 0.783203125 0.1962890625 0.8408203109375 0.220703125 0.876953125 0.1279296890625
4 0.9541015640625 0.408203125 0.8251953109375 0.3671875015625 0.78125 0.5576171859375 0.7441406265625 0.6259765640625 0.9609375015625 0.6943359375 0.9648437515625 0.5810546890625 0.9921875015625 0.4912109375 0.982421875 0.4384765640625 0.9541015640625 0.408203125
4 0.7568359375 0.6367187515625 0.6914062484375 0.9326171859375 0.9179687515625 0.9990234359375 0.890625 0.9033203109375 0.9589843734375 0.7255859375 0.8349609375 0.685546875 0.7568359375 0.6367187515625
4 0.3408203109375 0.6953124984375 0.3203124984375 0.9169921859375 0.5 0.9287109375 0.5234375015625 0.9189453109375 0.5234375015625 0.7158203109375 0.4892578140625 0.6992187515625 0.3408203109375 0.6953124984375
4 0.5253906265625 0.8349609375 0.53125 0.9130859375 0.673828125 0.9443359375 0.7109375015625 0.8349609375 0.6953124984375 0.7060546890625 0.5712890625 0.6992187515625 0.5253906265625 0.8349609375