4 0.7041015640625 0.2109375015625 0.6904296890625 0.2265624984375 0.7294921859375 0.3808593734375 0.9765624984375 0.3623046890625 0.9589843734375 0.3037109375 0.9677734359375 0.1816406265625 0.8447265640625 0.216796875 0.7041015640625 0.2109375015625
4 0.7138671859375 0.455078125 0.7148437515625 0.5419921859375 0.7431640625 0.564453125 1 0.5751953109375 0.9873046890625 0.392578125 0.7216796890625 0.4003906265625 0.7138671859375 0.455078125
4 0.6865234359375 0.748046875 0.9072265640625 0.7734375015625 0.951171875 0.5869140625 0.7783203109375 0.6015624984375 0.7119140625 0.560546875 0.7109375015625 0.6611328140625 0.6865234359375 0.748046875
4 0.6357421859375 0.021484373437500003 0.6181640625 0.06835937343750001 0.6210937515625 0.1572265640625 0.6455078140625 0.201171875 0.8867187515625 0.1708984359375 0.8828124984375 0.041992185937499996 0.8349609375 0.021484373437500003 0.6357421859375 0.021484373437500003
4 0.3076171859375 0.042968751562500004 0.3339843734375 0.0556640625 0.3203124984375 0.09277343593750001 0.3525390625 0.2578124984375 0.6328124984375 0.1962890625 0.6162109375 0.0058593734375 0.3076171859375 0.042968751562500004
4 0.010742185937499999 0.091796875 0.06347656406249999 0.3320312484375 0.09472656406249999 0.3085937515625 0.3398437515625 0.2666015640625 0.3193359375 0.060546875 0.1376953109375 0.091796875 0.010742185937499999 0.091796875
4 0.6757812484375 0.2470703109375 0.6787109375 0.203125 0.3935546890625 0.267578125 0.423828125 0.3251953109375 0.4423828140625 0.4472656265625 0.7148437515625 0.3779296890625 0.6777343734375 0.2705078140625 0.689453125 0.2587890625 0.6757812484375 0.2470703109375
4 0.6201171859375 0.4453124984375 0.5107421859375 0.4257812484375 0.4580078140625 0.453125 0.4267578140625 0.4492187515625 0.4208984359375 0.5664062484375 0.4775390625 0.595703125 0.6064453109375 0.59375 0.6767578140625 0.6210937515625 0.6777343734375 0.4892578140625 0.705078125 0.4189453109375 0.6201171859375 0.4453124984375
4 0.4853515640625 0.78125 0.6513671859375 0.810546875 0.6835937515625 0.6376953109375 0.4326171859375 0.5878906265625 0.3916015640625 0.7460937515625 0.4853515640625 0.78125
4 0.8945312484375 0.8916015640625 0.7978515640625 0.8632812484375 0.7451171859375 0.955078125 0.8447265640625 0.9882812484375 0.8945312484375 0.8916015640625
4 0.7216796890625 0.9570312484375 0.7578124984375 0.8837890625 0.751953125 0.8642578140625 0.6533203109375 0.8378906265625 0.6181640625 0.9335937515625 0.7216796890625 0.9570312484375
4 0.8271484359375 0.763671875 0.6767578140625 0.7578124984375 0.6630859375 0.810546875 0.7556176140625 0.8581416171875 0.8037109375 0.783203125 0.779296875 0.8408203109375 0.8720703109375 0.876953125 0.9140624984375 0.7880859375 0.8271484359375 0.763671875
4 0.4423828140625 0.78125 0.3740234359375 0.7441406265625 0.3056640625 0.9609375015625 0.4189453109375 0.9648437515625 0.5087890625 0.9921875015625 0.5615234359375 0.982421875 0.591796875 0.9541015640625 0.6328124984375 0.8251953109375 0.4423828140625 0.78125
4 0.0009765640625 0.9179687515625 0.09667968906249999 0.890625 0.2744140625 0.9589843734375 0.314453125 0.8349609375 0.3632812484375 0.7568359375 0.06738281406249999 0.6914062484375 0.0009765640625 0.9179687515625
4 0.0712890625 0.5 0.08105468906249999 0.5234375015625 0.2841796890625 0.5234375015625 0.3007812484375 0.4892578140625 0.3046875015625 0.3408203109375 0.08300781406249999 0.3203124984375 0.0712890625 0.5
4 0.0556640625 0.673828125 0.1650390625 0.7109375015625 0.2939453109375 0.6953124984375 0.3007812484375 0.5712890625 0.1650390625 0.5253906265625 0.0869140625 0.53125 0.0556640625 0.673828125