14 0.361156975 0.2314453125 0.357245690625 0.2578125015625 0.361156975 0.2900390625 0.40939614375 0.3203125015625 0.4524202625 0.3115234359375 0.453724025 0.2226562515625 0.3937510046875 0.212890625 0.361156975 0.2314453125
14 0.870927634375 0.4023437484375 0.7874869125 0.416015625 0.7405515046875 0.384765625 0.7170838046875 0.4550781234375 0.7770568203125 0.525390625 0.8735351546875 0.4960937484375 0.9139517578125 0.4501953125 0.950457071875 0.4384765640625 0.9582796390625001 0.4111328109375 0.870927634375 0.4023437484375
14 0.279020015625 0.3203125015625 0.258159834375 0.3007812515625 0.21383194843750003 0.296875 0.13951755625 0.3271484359375 0.1251761859375 0.384765625 0.190364246875 0.421875 0.28684258281249997 0.4140625015625 0.3663720203125 0.3818359375 0.3663720203125 0.3505859375 0.3077027625 0.2949218765625 0.279020015625 0.3203125015625
14 0.21122442812500003 0.587890625 0.16428902031249998 0.6015625015625 0.1682003046875 0.6337890625 0.10431600468749999 0.666015625 0.1486438859375 0.708984375 0.20340186093749998 0.712890625 0.290753865625 0.6611328109375 0.3168290921875 0.6220703125 0.26337488124999997 0.5859374984375 0.21122442812500003 0.587890625
14 0.28032377343750003 0.4521484359375 0.3037914796875 0.5283203125 0.2685899234375 0.5488281234375 0.31813284999999997 0.5625 0.3976622890625 0.5322265640625 0.40548485625 0.4873046875 0.3494231234375 0.4355468765625 0.3207403765625 0.431640625 0.28032377343750003 0.4521484359375
14 0.17732663437500001 0.4511718765625 0.21122442812500003 0.5332031234375 0.2372996546875 0.5429687484375 0.301183959375 0.5302734359375 0.28423506249999997 0.416015625 0.19557929375 0.4238281234375 0.17732663437500001 0.4511718765625
14 0.31291780937499997 0.5898437484375 0.3494231234375 0.615234375 0.425041278125 0.619140625 0.4524202625 0.5595703125 0.44459769531250004 0.5322265640625 0.3702833046875 0.541015625 0.31291780937499997 0.5898437484375
14 0.2685899234375 0.703125 0.3050952421875 0.724609375 0.3624607375 0.7226562515625 0.389839721875 0.6904296875 0.4002698140625 0.6259765640625 0.3311704640625 0.6132812515625 0.2685899234375 0.703125
14 0.43938265000000004 0.5869140625 0.4041810984375 0.6445312515625 0.41982623124999996 0.671875 0.456331546875 0.6875 0.47849548906250006 0.6787109375 0.491533103125 0.6494140625 0.456331546875 0.587890625 0.43938265000000004 0.5869140625
14 0.492836865625 0.7148437484375 0.47197668593750003 0.7265625015625 0.412003665625 0.703125 0.4159149484375 0.7919921890625 0.4615465921875 0.8359374984375 0.525430896875 0.7978515640625 0.4993556703125 0.7626953125 0.5306459375 0.7255859375 0.492836865625 0.7148437484375
14 0.5775813453125 0.5849609375 0.5502023609375 0.578125 0.5345572265625 0.59375 0.47719172656250003 0.5917968765625 0.47719172656250003 0.603515625 0.49674815 0.6552734359375 0.4811030109375 0.6845703125 0.5293421796875 0.6953125015625 0.54107603125 0.6298828109375 0.5775813453125 0.6083984359375 0.5775813453125 0.5849609375
14 0.3833209171875 0.119140625 0.3311704640625 0.115234375 0.279020015625 0.1640625015625 0.3037914796875 0.1787109375 0.2855388203125 0.1943359375 0.3363855109375 0.21875 0.4002698140625 0.2080078109375 0.40809238125 0.1748046875 0.3833209171875 0.119140625