14 0.638843025 0.2900390625 0.642754309375 0.2578125015625 0.638843025 0.2314453125 0.6062489953125 0.212890625 0.546275975 0.2226562515625 0.5475797375 0.3115234359375 0.59060385625 0.3203125015625 0.638843025 0.2900390625
14 0.22294317968750002 0.525390625 0.2829161953125 0.4550781234375 0.25944849531249997 0.384765625 0.2125130875 0.416015625 0.129072365625 0.4023437484375 0.0417203609375 0.4111328109375 0.049542928125 0.4384765640625 0.0860482421875 0.4501953125 0.1264648453125 0.4960937484375 0.22294317968750002 0.525390625
14 0.809635753125 0.421875 0.8748238140625 0.384765625 0.8604824437499999 0.3271484359375 0.7861680515625 0.296875 0.741840165625 0.3007812515625 0.720979984375 0.3203125015625 0.6922972374999999 0.2949218765625 0.6336279796875 0.3505859375 0.6336279796875 0.3818359375 0.7131574171875 0.4140625015625 0.809635753125 0.421875
14 0.8513561140625001 0.708984375 0.8956839953125 0.666015625 0.8317996953125 0.6337890625 0.8357109796875 0.6015625015625 0.788775571875 0.587890625 0.7366251187499999 0.5859374984375 0.6831709078125 0.6220703125 0.7092461343750001 0.6611328109375 0.7965981390625 0.712890625 0.8513561140625001 0.708984375
14 0.68186715 0.5625 0.7314100765625 0.5488281234375 0.6962085203124999 0.5283203125 0.7196762265625 0.4521484359375 0.6792596234375 0.431640625 0.6505768765625 0.4355468765625 0.59451514375 0.4873046875 0.6023377109375 0.5322265640625 0.68186715 0.5625
14 0.788775571875 0.5332031234375 0.8226733656249999 0.4511718765625 0.80442070625 0.4238281234375 0.7157649375 0.416015625 0.6988160406249999 0.5302734359375 0.7627003453125 0.5429687484375 0.788775571875 0.5332031234375
14 0.6505768765625 0.615234375 0.687082190625 0.5898437484375 0.6297166953125 0.541015625 0.5554023046875 0.5322265640625 0.5475797375 0.5595703125 0.5749587218750001 0.619140625 0.6505768765625 0.615234375
14 0.6949047578124999 0.724609375 0.7314100765625 0.703125 0.6688295359375 0.6132812515625 0.5997301859374999 0.6259765640625 0.6101602781250001 0.6904296875 0.6375392625 0.7226562515625 0.6949047578124999 0.724609375
14 0.58017376875 0.671875 0.5958189015625 0.6445312515625 0.56061735 0.5869140625 0.543668453125 0.587890625 0.508466896875 0.6494140625 0.5215045109374999 0.6787109375 0.543668453125 0.6875 0.58017376875 0.671875
14 0.5840850515625 0.7919921890625 0.587996334375 0.703125 0.5280233140624999 0.7265625015625 0.507163134375 0.7148437484375 0.4693540625 0.7255859375 0.5006443296875001 0.7626953125 0.474569103125 0.7978515640625 0.5384534078125001 0.8359374984375 0.5840850515625 0.7919921890625
14 0.5032518500000001 0.6552734359375 0.5228082734374999 0.603515625 0.5228082734374999 0.5917968765625 0.4654427734375 0.59375 0.44979763906250003 0.578125 0.4224186546875 0.5849609375 0.4224186546875 0.6083984359375 0.45892396875 0.6298828109375 0.4706578203125 0.6953125015625 0.5188969890624999 0.6845703125 0.5032518500000001 0.6552734359375
14 0.6962085203124999 0.1787109375 0.720979984375 0.1640625015625 0.6688295359375 0.115234375 0.6166790828125001 0.119140625 0.59190761875 0.1748046875 0.5997301859374999 0.2080078109375 0.6636144890625 0.21875 0.7144611796875 0.1943359375 0.6962085203124999 0.1787109375