4 0.5410156265625 0.6826171859375 0.4960937515625 0.6728515640625 0.390625 0.6748046890625 0.3691406265625 0.7373046890625 0.3642578140625 0.8828124984375 0.3974609375 0.857421875 0.5527343734375 0.8876953109375 0.529296875 0.8115234359375 0.5410156265625 0.6826171859375
4 0.1933593734375 0.6474609375 0.1601562484375 0.6435546890625 0.07910156406249999 0.6464843734375 0.0693359375 0.6640624984375 0.041015626562500004 0.6513671859375 0.032226564062500004 0.7890624984375 0.205078125 0.8193359375 0.1777343734375 0.6767578140625 0.1933593734375 0.6474609375
4 0.21875 0.4462890625 0.2148437515625 0.4169921859375 0.0507812484375 0.4326171859375 0.048828125 0.5361328140625 0.0253906265625 0.6259765640625 0.0595703109375 0.658203125 0.1992187515625 0.6416015640625 0.21875 0.6044921859375 0.1992187515625 0.4677734359375 0.21875 0.4462890625
4 0.205078125 0.2763671859375 0.1660156265625 0.1767578140625 0.09863281406249999 0.1972656265625 0 0.1962890625 0.039062498437499996 0.3076171859375 0.034179689062500004 0.4296875015625 0.2148437515625 0.4072265640625 0.205078125 0.2763671859375
4 0.3847656265625 0.6728515640625 0.203125 0.6630859375 0.1796875015625 0.6650390625 0.1777343734375 0.7021484359375 0.203125 0.8212890625 0.1601562484375 0.8134765640625 0.1962890625 0.8496093734375 0.3564453109375 0.8476562484375 0.3847656265625 0.6728515640625
4 0.7128906265625 0.7373046890625 0.7226562484375 0.6630859375 0.5507812484375 0.6787109375 0.5595703109375 0.875 0.751953125 0.9033203109375 0.7128906265625 0.7373046890625
4 0.7958984359375 0.671875 0.7421875015625 0.6455078140625 0.7304687515625 0.6533203109375 0.7304687515625 0.8349609375 0.9033203109375 0.875 0.919921875 0.7373046890625 0.9492187515625 0.6650390625 0.7958984359375 0.671875
4 0.3945312484375 0.4248046890625 0.2402343734375 0.4072265640625 0.205078125 0.4658203109375 0.2226562484375 0.6064453109375 0.3779296890625 0.6171875015625 0.3945312484375 0.4248046890625
4 0.6054687515625 0.4306640625 0.5195312484375 0.4208984359375 0.408203125 0.4287109375 0.3955078140625 0.6015624984375 0.5585937515625 0.6279296890625 0.564453125 0.5146484359375 0.6054687515625 0.4306640625
4 0.7734375015625 0.4423828140625 0.626953125 0.4248046890625 0.6054687515625 0.4462890625 0.5898437515625 0.5810546890625 0.560546875 0.6201171859375 0.7685546890625 0.6503906265625 0.7734375015625 0.4423828140625
4 0.8583984359375 0.4335937515625 0.8125 0.4130859375 0.779296875 0.4345703109375 0.794921875 0.5595703109375 0.78125 0.6494140625 0.7958984359375 0.6640624984375 0.8955078140625 0.638671875 0.9306640625 0.6503906265625 0.953125 0.5634765640625 0.9472656265625 0.4443359375 0.9287109375 0.4257812484375 0.8583984359375 0.4335937515625
4 0.375 0.2080078140625 0.3808593734375 0.1416015640625 0.3212890625 0.1503906265625 0.2705078140625 0.1796875015625 0.2236328140625 0.1621093734375 0.169921875 0.1689453109375 0.2148437515625 0.2783203109375 0.2177734359375 0.3710937515625 0.3740234359375 0.3632812484375 0.3847656265625 0.3505859375 0.3964843734375 0.2783203109375 0.375 0.2080078140625
4 0.5742187515625 0.2470703109375 0.548828125 0.1689453109375 0.3867187515625 0.2138671859375 0.3984375015625 0.3154296890625 0.3740234359375 0.4121093734375 0.580078125 0.4013671859375 0.5742187515625 0.2470703109375
4 0.6650390625 0.158203125 0.5664062484375 0.12402343593750001 0.548828125 0.1455078140625 0.580078125 0.2490234359375 0.591796875 0.4013671859375 0.7041015640625 0.4375 0.7646484359375 0.4277343734375 0.7684210140625 0.381657021875 0.7578124984375 0.2607421859375 0.783203125 0.1533203109375 0.6650390625 0.158203125
4 0.970703125 0.1728515640625 0.810546875 0.1474609375 0.7910156265625 0.1591796890625 0.767578125 0.3916015640625 0.9482421859375 0.3691406265625 0.9580078140625 0.3964843734375 0.970703125 0.1728515640625