4 0.3691406265625 0.2626953109375 0.390625 0.3251953109375 0.4960937515625 0.3271484359375 0.5410156265625 0.3173828140625 0.529296875 0.1884765640625 0.5527343734375 0.11230468906249999 0.3974609375 0.142578125 0.3642578140625 0.11718750156249999 0.3691406265625 0.2626953109375
4 0.0693359375 0.3359375015625 0.07910156406249999 0.3535156265625 0.1601562484375 0.3564453109375 0.1933593734375 0.3525390625 0.1777343734375 0.3232421859375 0.205078125 0.1806640625 0.032226564062500004 0.2109375015625 0.041015626562500004 0.3486328140625 0.0693359375 0.3359375015625
4 0.0253906265625 0.3740234359375 0.048828125 0.4638671859375 0.0507812484375 0.5673828140625 0.2148437515625 0.5830078140625 0.21875 0.5537109375 0.1992187515625 0.5322265640625 0.21875 0.3955078140625 0.1992187515625 0.3583984359375 0.0595703109375 0.341796875 0.0253906265625 0.3740234359375
4 0.09863281406249999 0.8027343734375 0.1660156265625 0.8232421859375 0.205078125 0.7236328140625 0.2148437515625 0.5927734359375 0.034179689062500004 0.5703124984375 0.039062498437499996 0.6923828140625 0 0.8037109375 0.09863281406249999 0.8027343734375
4 0.1777343734375 0.2978515640625 0.1796875015625 0.3349609375 0.203125 0.3369140625 0.3847656265625 0.3271484359375 0.3564453109375 0.1523437515625 0.1962890625 0.1503906265625 0.1601562484375 0.1865234359375 0.203125 0.1787109375 0.1777343734375 0.2978515640625
4 0.7128906265625 0.2626953109375 0.751953125 0.09667968906249999 0.5595703109375 0.125 0.5507812484375 0.3212890625 0.7226562484375 0.3369140625 0.7128906265625 0.2626953109375
4 0.7304687515625 0.3466796890625 0.7421875015625 0.3544921859375 0.7958984359375 0.328125 0.9492187515625 0.3349609375 0.919921875 0.2626953109375 0.9033203109375 0.125 0.7304687515625 0.1650390625 0.7304687515625 0.3466796890625
4 0.3945312484375 0.5751953109375 0.3779296890625 0.3828124984375 0.2226562484375 0.3935546890625 0.205078125 0.5341796890625 0.2402343734375 0.5927734359375 0.3945312484375 0.5751953109375
4 0.5195312484375 0.5791015640625 0.6054687515625 0.5693359375 0.564453125 0.4853515640625 0.5585937515625 0.3720703109375 0.3955078140625 0.3984375015625 0.408203125 0.5712890625 0.5195312484375 0.5791015640625
4 0.626953125 0.5751953109375 0.7734375015625 0.5576171859375 0.7685546890625 0.3496093734375 0.560546875 0.3798828140625 0.5898437515625 0.4189453109375 0.6054687515625 0.5537109375 0.626953125 0.5751953109375
4 0.8955078140625 0.361328125 0.7958984359375 0.3359375015625 0.78125 0.3505859375 0.794921875 0.4404296890625 0.779296875 0.5654296890625 0.8125 0.5869140625 0.8583984359375 0.5664062484375 0.9287109375 0.5742187515625 0.9472656265625 0.5556640625 0.953125 0.4365234359375 0.9306640625 0.3496093734375 0.8955078140625 0.361328125
4 0.2148437515625 0.7216796890625 0.169921875 0.8310546890625 0.2236328140625 0.8378906265625 0.2705078140625 0.8203124984375 0.3212890625 0.8496093734375 0.3808593734375 0.8583984359375 0.375 0.7919921859375 0.3964843734375 0.7216796890625 0.3847656265625 0.6494140625 0.3740234359375 0.6367187515625 0.2177734359375 0.6289062484375 0.2148437515625 0.7216796890625
4 0.548828125 0.8310546890625 0.5742187515625 0.7529296890625 0.580078125 0.5986328140625 0.3740234359375 0.5878906265625 0.3984375015625 0.6845703109375 0.3867187515625 0.7861328140625 0.548828125 0.8310546890625
4 0.7041015640625 0.5625 0.591796875 0.5986328140625 0.580078125 0.7509765640625 0.548828125 0.8544921859375 0.5664062484375 0.8759765640625 0.6650390625 0.841796875 0.783203125 0.8466796890625 0.7578124984375 0.7392578140625 0.7684210140625 0.618342978125 0.7646484359375 0.5722656265625 0.7041015640625 0.5625
4 0.810546875 0.8525390625 0.970703125 0.8271484359375 0.9580078140625 0.6035156265625 0.9482421859375 0.6308593734375 0.767578125 0.6083984359375 0.7910156265625 0.8408203109375 0.810546875 0.8525390625