13 0.45877374531250004 0.2900390609375 0.5013403828125 0.3037109390625 0.5439070140625 0.2900390609375 0.56046070625 0.1669921859375 0.450496896875 0.158203125 0.45877374531250004 0.2900390609375
13 0.43985524062500003 0.4365234375 0.45640893125000004 0.3037109390625 0.360634 0.296875 0.3641812203125 0.4287109390625 0.43985524062500003 0.4365234375
13 0.3405330875 0.8720703125 0.35945159375 0.7373046875 0.2565822203125 0.7285156234375 0.26485906875 0.8701171859375 0.3405330875 0.8720703125
13 0.1726313578125 0.7177734375 0.24357574999999998 0.7216796875 0.2624942546875 0.6884765625 0.2672238828125 0.5869140609375 0.164354509375 0.5820312515625 0.1726313578125 0.7177734375
13 0.5368125781249999 0.3115234375 0.5510014562500001 0.4326171859375 0.60539215625 0.4384765625 0.636134725 0.4169921859375 0.6455939796875 0.2998046875 0.5498190484375 0.294921875 0.5368125781249999 0.3115234375
13 0.721268 0.5791015625 0.7401865046875 0.4404296875 0.6278578828125 0.4375 0.6432291671875 0.5791015625 0.721268 0.5791015625
13 0.45167930468749995 0.8681640609375 0.50843481875 0.8740234375 0.5391773921875 0.8662109390625 0.5510014562500001 0.7353515625 0.4434024609375 0.7304687484375 0.45167930468749995 0.8681640609375
13 0.07330920625000001 0.8642578140625 0.1347943484375 0.8701171859375 0.16080729375 0.8603515625 0.174996171875 0.7314453125 0.067397171875 0.7246093765625 0.07330920625000001 0.8642578140625
13 0.84660309375 0.8701171859375 0.9080882359375 0.8740234375 0.9317363671875001 0.8701171859375 0.9435604312500001 0.7333984375 0.8359614359374999 0.7304687484375 0.84660309375 0.8701171859375
13 0.266041475 0.4375 0.27195350937499996 0.5615234375 0.2825951671875 0.580078125 0.3476275296875 0.5810546875 0.35945159375 0.7177734375 0.43039598593750006 0.7216796875 0.4540441171875 0.5869140609375 0.3570867796875 0.5791015625 0.376005284375 0.4462890609375 0.266041475 0.4375
13 0.5474542359375 0.439453125 0.43867283281249997 0.439453125 0.45640893125000004 0.5732421859375 0.5320829515625001 0.5810546875 0.5486366421875 0.7158203125 0.5864736515625 0.7236328140625 0.640864353125 0.7060546875 0.6432291671875 0.5869140609375 0.5391773921875 0.5810546875 0.5474542359375 0.439453125
13 0.831231809375 0.580078125 0.721268 0.5830078140625 0.7342744703124999 0.734375 0.6290402890625 0.7314453125 0.64795879375 0.8701171859375 0.7189031859375 0.8740234375 0.7401865046875 0.8349609390625 0.74255131875 0.7216796875 0.825319775 0.7158203125 0.831231809375 0.580078125