13 0.5439070140625 0.7099609390625 0.5013403828125 0.6962890609375 0.45877374531250004 0.7099609390625 0.450496896875 0.841796875 0.56046070625 0.8330078140625 0.5439070140625 0.7099609390625
13 0.45640893125000004 0.6962890609375 0.43985524062500003 0.5634765625 0.3641812203125 0.5712890609375 0.360634 0.703125 0.45640893125000004 0.6962890609375
13 0.35945159375 0.2626953125 0.3405330875 0.1279296875 0.26485906875 0.1298828140625 0.2565822203125 0.2714843765625 0.35945159375 0.2626953125
13 0.2624942546875 0.3115234375 0.24357574999999998 0.2783203125 0.1726313578125 0.2822265625 0.164354509375 0.4179687484375 0.2672238828125 0.4130859390625 0.2624942546875 0.3115234375
13 0.636134725 0.5830078140625 0.60539215625 0.5615234375 0.5510014562500001 0.5673828140625 0.5368125781249999 0.6884765625 0.5498190484375 0.705078125 0.6455939796875 0.7001953125 0.636134725 0.5830078140625
13 0.7401865046875 0.5595703125 0.721268 0.4208984375 0.6432291671875 0.4208984375 0.6278578828125 0.5625 0.7401865046875 0.5595703125
13 0.5391773921875 0.1337890609375 0.50843481875 0.1259765625 0.45167930468749995 0.1318359390625 0.4434024609375 0.2695312515625 0.5510014562500001 0.2646484375 0.5391773921875 0.1337890609375
13 0.16080729375 0.1396484375 0.1347943484375 0.1298828140625 0.07330920625000001 0.1357421859375 0.067397171875 0.2753906234375 0.174996171875 0.2685546875 0.16080729375 0.1396484375
13 0.9317363671875001 0.1298828140625 0.9080882359375 0.1259765625 0.84660309375 0.1298828140625 0.8359614359374999 0.2695312515625 0.9435604312500001 0.2666015625 0.9317363671875001 0.1298828140625
13 0.4540441171875 0.4130859390625 0.43039598593750006 0.2783203125 0.35945159375 0.2822265625 0.3476275296875 0.4189453125 0.2825951671875 0.419921875 0.27195350937499996 0.4384765625 0.266041475 0.5625 0.376005284375 0.5537109390625 0.3570867796875 0.4208984375 0.4540441171875 0.4130859390625
13 0.640864353125 0.2939453125 0.5864736515625 0.2763671859375 0.5486366421875 0.2841796875 0.5320829515625001 0.4189453125 0.45640893125000004 0.4267578140625 0.43867283281249997 0.560546875 0.5474542359375 0.560546875 0.5391773921875 0.4189453125 0.6432291671875 0.4130859390625 0.640864353125 0.2939453125
13 0.7401865046875 0.1650390609375 0.7189031859375 0.1259765625 0.64795879375 0.1298828140625 0.6290402890625 0.2685546875 0.7342744703124999 0.265625 0.721268 0.4169921859375 0.831231809375 0.419921875 0.825319775 0.2841796875 0.74255131875 0.2783203125 0.7401865046875 0.1650390609375